0.000000000000 0.000009000000 -0.000007000000
-0.000000007420 0.000009004614 -0.000006957245
-0.000000005948 0.000008982318 -0.000006915613
0.000000002250 0.000008981363 -0.000006877051
0.000000003958 0.000008968349 -0.000006837737
0.000000008761 0.000008967268 -0.000006798729
0.000000009596 0.000008958349 -0.000006759182
0.000000004742 0.000008978864 -0.000006733573
0.000000005544 0.000008985550 -0.000006686655
0.000000014604 0.000008989555 -0.000006642467
0.000000020993 0.000008988902 -0.000006584945
0.000000043971 0.000008975272 -0.000006549785
0.000000054329 0.000008955915 -0.000006517147
0.000000051016 0.000008955941 -0.000006492299
0.000000036181 0.000008964835 -0.000006458706
0.000000050486 0.000008973022 -0.000006422631
0.000000047363 0.000008979967 -0.000006394200
0.000000033727 0.000008990241 -0.000006362302
0.000000043460 0.000008989479 -0.000006336283
0.000000050139 0.000009010196 -0.000006289847
0.000000057890 0.000009016459 -0.000006253578
0.000000062341 0.000009002382 -0.000006207358
0.000000075460 0.000009006452 -0.000006168018
0.000000070937 0.000008997429 -0.000006126435
0.000000074733 0.000008983219 -0.000006096782
0.000000052923 0.000009008552 -0.000006060721
0.000000061090 0.000009003182 -0.000006010198
0.000000055729 0.000009022550 -0.000005963502
0.000000046597 0.000009019958 -0.000005927534
0.000000047668 0.000009016749 -0.000005887967
0.000000042853 0.000009042160 -0.000005847697
0.000000043681 0.000009033114 -0.000005800450
0.000000051205 0.000009022595 -0.000005769608
0.000000057822 0.000009019975 -0.000005736280
0.000000059858 0.000009017718 -0.000005684793
0.000000056022 0.000009013104 -0.000005658636
0.000000054034 0.000009016926 -0.000005640905
0.000000058323 0.000009027954 -0.000005607880
0.000000051009 0.000009036329 -0.000005573018
0.000000058487 0.000009041704 -0.000005537744
0.000000060104 0.000009049029 -0.000005509407
0.000000042029 0.000009056014 -0.000005461352
0.000000046110 0.000009066018 -0.000005412835
0.000000042830 0.000009052225 -0.000005381593
0.000000019252 0.000009046202 -0.000005338657
0.000000024119 0.000009042310 -0.000005289760
0.000000039879 0.000009036870 -0.000005262363
0.000000059780 0.000009041154 -0.000005227635
0.000000061805 0.000009041689 -0.000005194406
0.000000071877 0.000009059881 -0.000005150044
0.000000068155 0.000009054631 -0.000005112125
0.000000057458 0.000009056956 -0.000005063788
0.000000056367 0.000009050617 -0.000005039619
0.000000052236 0.000009046605 -0.000004986096
0.000000059757 0.000009030530 -0.000004955777
0.000000072542 0.000009019275 -0.000004918039
0.000000067325 0.000009020315 -0.000004891169
0.000000070950 0.000009040188 -0.000004851723
0.000000061514 0.000009037713 -0.000004816087
0.000000059824 0.000009058334 -0.000004789713
0.000000061865 0.000009043104 -0.000004750777
0.000000064299 0.000009036740 -0.000004724454
0.000000058420 0.000009024045 -0.000004687930
0.000000054728 0.000009022639 -0.000004643178
0.000000043366 0.000009029206 -0.000004593239
0.000000045543 0.000009037811 -0.000004560271
0.000000040113 0.000009042161 -0.000004517658
0.000000046201 0.000009051307 -0.000004486128
0.000000057864 0.000009046997 -0.000004450678
0.000000054537 0.000009042419 -0.000004409729
0.000000040714 0.000009026500 -0.000004378161
0.000000059813 0.000009044247 -0.000004334930
0.000000074194 0.000009036974 -0.000004293789
0.000000077609 0.000009044815 -0.000004244459
0.000000069655 0.000009056562 -0.000004208963
0.000000064699 0.000009053805 -0.000004167193
0.000000066629 0.000009048704 -0.000004132588
0.000000055699 0.000009053464 -0.000004101207
0.000000056903 0.000009048578 -0.000004069181
0.000000056732 0.000009042504 -0.000004059640
0.000000057735 0.000009042074 -0.000004022054
0.000000043309 0.000009054212 -0.000003988976
0.000000048557 0.000009071028 -0.000003947150
0.000000036916 0.000009067620 -0.000003907471
0.000000025373 0.000009072649 -0.000003866718
0.000000043188 0.000009069638 -0.000003821613
0.000000026584 0.000009082891 -0.000003800847
0.000000007360 0.000009067283 -0.000003780083
0.000000015002 0.000009061890 -0.000003734107
0.000000006809 0.000009054337 -0.000003695707
0.000000003452 0.000009049361 -0.000003650753
0.000000004132 0.000009053585 -0.000003623629
0.000000008405 0.000009047660 -0.000003571028
0.000000013781 0.000009055367 -0.000003533723
-0.000000009423 0.000009062778 -0.000003496558
-0.000000009515 0.000009062123 -0.000003467976
0.000000006585 0.000009064996 -0.000003425630
0.000000013754 0.000009056375 -0.000003381758
0.000000005731 0.000009062848 -0.000003330944
0.000000000424 0.000009058912 -0.000003276279
0.000000003623 0.000009064534 -0.000003243518
0.000000003409 0.000009055238 -0.000003204334
0.000000009953 0.000009074292 -0.000003158677
0.000000005687 0.000009071287 -0.000003121318
-0.000000002098 0.000009068937 -0.000003080973
-0.000000000428 0.000009068605 -0.000003041609
0.000000013461 0.000009058970 -0.000002993946
0.000000018380 0.000009048769 -0.000002958163
0.000000021603 0.000009040756 -0.000002907780
0.000000005194 0.000009051716 -0.000002867595
0.000000012330 0.000009054812 -0.000002819009
0.000000012283 0.000009057805 -0.000002756039
0.000000011676 0.000009061140 -0.000002711810
0.000000006095 0.000009059316 -0.000002654681
-0.000000004030 0.000009072557 -0.000002627008
-0.000000005753 0.000009074298 -0.000002594145
-0.000000009923 0.000009062445 -0.000002542155
-0.000000008909 0.000009060293 -0.000002501382
-0.000000010763 0.000009043651 -0.000002467516
-0.000000002187 0.000009042709 -0.000002414539
-0.000000010369 0.000009030648 -0.000002378858
0.000000000843 0.000009042974 -0.000002340828
0.000000011111 0.000009048638 -0.000002296688
0.000000002409 0.000009056205 -0.000002236435
0.000000002635 0.000009072833 -0.000002204191
0.000000006446 0.000009055991 -0.000002171906
0.000000011263 0.000009045502 -0.000002143814
0.000000022161 0.000009046552 -0.000002095170
0.000000028780 0.000009054772 -0.000002051024
0.000000027529 0.000009069757 -0.000001995550
0.000000034977 0.000009070983 -0.000001945116
0.000000026017 0.000009075762 -0.000001909360
0.000000019958 0.000009078794 -0.000001871924
0.000000037354 0.000009076260 -0.000001826937
0.000000035604 0.000009083825 -0.000001782633
0.000000036076 0.000009075721 -0.000001737763
0.000000038937 0.000009065307 -0.000001705183
0.000000036400 0.000009051943 -0.000001661177
0.000000014148 0.000009039229 -0.000001614549
0.000000024231 0.000009033730 -0.000001565774
0.000000033015 0.000009038328 -0.000001538419
0.000000040658 0.000009047991 -0.000001508824
0.000000046307 0.000009032379 -0.000001466100
0.000000048682 0.000009042278 -0.000001431015
0.000000050785 0.000009027856 -0.000001398031
0.000000071177 0.000009034952 -0.000001350303
0.000000074392 0.000009031540 -0.000001298283
0.000000051916 0.000009032866 -0.000001260913
0.000000051028 0.000009041760 -0.000001215732
0.000000047208 0.000009040293 -0.000001181798
0.000000040437 0.000009040508 -0.000001149124
0.000000047176 0.000009043804 -0.000001105589
0.000000038726 0.000009040145 -0.000001075358
0.000000042481 0.000009035698 -0.000001054202
0.000000037822 0.000009034524 -0.000001006986
0.000000035231 0.000009030575 -0.000000961586
0.000000034610 0.000009028837 -0.000000913698
0.000000028092 0.000009028787 -0.000000880779
0.000000025745 0.000009019135 -0.000000845990
0.000000037510 0.000009013255 -0.000000794716
0.000000023440 0.000009030165 -0.000000758599
0.000000027817 0.000009017201 -0.000000713676
0.000000014198 0.000009026013 -0.000000664472
0.000000006716 0.000009032940 -0.000000628999
0.000000018944 0.000009031677 -0.000000593740
0.000000035880 0.000009031166 -0.000000545526
0.000000032576 0.000009022686 -0.000000513287
0.000000030838 0.000009018947 -0.000000473582
0.000000049840 0.000009027704 -0.000000429803
0.000000052824 0.000009012538 -0.000000395403
0.000000049915 0.000009006452 -0.000000351737
0.000000040125 0.000009017499 -0.000000322288
0.000000056024 0.000009024753 -0.000000282921
0.000000055262 0.000009018356 -0.000000254314
0.000000066670 0.000009045953 -0.000000207059
0.000000062449 0.000009040751 -0.000000168781
0.000000066880 0.000009031546 -0.000000124014
0.000000070923 0.000009026502 -0.000000077253
0.000000075235 0.000009024293 -0.000000030110
trap 0 iteration 17860
