0 -2e-05 0.03125
0 -1.9e-05 1
0 -1.8e-05 1
0 -1.7e-05 1
0 -1.6e-05 1
0 -1.5e-05 1
0 -1.4e-05 1
0 -1.3e-05 1
0 -1.2e-05 1
0 -1.1e-05 1
0 -1e-05 1
0 -9e-06 1
0 -8e-06 1
0 -7e-06 1
0 -6e-06 1
0 -5e-06 1
0 -4e-06 1
0 -3e-06 1
0 -2e-06 1
0 -1e-06 1
0 -3.38813e-21 1
0 1e-06 1
0 2e-06 1
0 3e-06 1
0 4e-06 1
0 5e-06 1
0 6e-06 0.015625
0 7e-06 0
0 8e-06 0
0 9e-06 0
0 1e-05 0
0 1.1e-05 0
1e-06 -2e-05 0.0234375
1e-06 -1.9e-05 1
1e-06 -1.8e-05 1
1e-06 -1.7e-05 1
1e-06 -1.6e-05 1
1e-06 -1.5e-05 1
1e-06 -1.4e-05 1
1e-06 -1.3e-05 1
1e-06 -1.2e-05 1
1e-06 -1.1e-05 1
1e-06 -1e-05 1
1e-06 -9e-06 1
1e-06 -8e-06 1
1e-06 -7e-06 1
1e-06 -6e-06 1
1e-06 -5e-06 1
1e-06 -4e-06 1
1e-06 -3e-06 1
1e-06 -2e-06 1
1e-06 -1e-06 1
1e-06 -3.38813e-21 1
1e-06 1e-06 1
1e-06 2e-06 1
1e-06 3e-06 1
1e-06 4e-06 1
1e-06 5e-06 1
1e-06 6e-06 0.0078125
1e-06 7e-06 0
1e-06 8e-06 0
1e-06 9e-06 0
1e-06 1e-05 0
1e-06 1.1e-05 0
2e-06 -2e-05 0.0234375
2e-06 -1.9e-05 1
2e-06 -1.8e-05 1
2e-06 -1.7e-05 1
2e-06 -1.6e-05 1
2e-06 -1.5e-05 1
2e-06 -1.4e-05 1
2e-06 -1.3e-05 1
2e-06 -1.2e-05 1
2e-06 -1.1e-05 1
2e-06 -1e-05 1
2e-06 -9e-06 1
2e-06 -8e-06 1
2e-06 -7e-06 1
2e-06 -6e-06 1
2e-06 -5e-06 1
2e-06 -4e-06 1
2e-06 -3e-06 1
2e-06 -2e-06 1
2e-06 -1e-06 1
2e-06 -3.38813e-21 1
2e-06 1e-06 1
2e-06 2e-06 1
2e-06 3e-06 1
2e-06 4e-06 1
2e-06 5e-06 1
2e-06 6e-06 0.0117188
2e-06 7e-06 0
2e-06 8e-06 0
2e-06 9e-06 0
2e-06 1e-05 0
2e-06 1.1e-05 0
3e-06 -2e-05 0.0234375
3e-06 -1.9e-05 1
3e-06 -1.8e-05 1
3e-06 -1.7e-05 1
3e-06 -1.6e-05 1
3e-06 -1.5e-05 1
3e-06 -1.4e-05 1
3e-06 -1.3e-05 1
3e-06 -1.2e-05 1
3e-06 -1.1e-05 1
3e-06 -1e-05 1
3e-06 -9e-06 1
3e-06 -8e-06 1
3e-06 -7e-06 1
3e-06 -6e-06 1
3e-06 -5e-06 1
3e-06 -4e-06 1
3e-06 -3e-06 1
3e-06 -2e-06 1
3e-06 -1e-06 1
3e-06 -3.38813e-21 1
3e-06 1e-06 1
3e-06 2e-06 1
3e-06 3e-06 1
3e-06 4e-06 1
3e-06 5e-06 1
3e-06 6e-06 0
3e-06 7e-06 0
3e-06 8e-06 0
3e-06 9e-06 0
3e-06 1e-05 0
3e-06 1.1e-05 0
4e-06 -2e-05 0.0234375
4e-06 -1.9e-05 1
4e-06 -1.8e-05 1
4e-06 -1.7e-05 1
4e-06 -1.6e-05 1
4e-06 -1.5e-05 1
4e-06 -1.4e-05 1
4e-06 -1.3e-05 1
4e-06 -1.2e-05 1
4e-06 -1.1e-05 1
4e-06 -1e-05 1
4e-06 -9e-06 1
4e-06 -8e-06 1
4e-06 -7e-06 1
4e-06 -6e-06 1
4e-06 -5e-06 1
4e-06 -4e-06 1
4e-06 -3e-06 1
4e-06 -2e-06 1
4e-06 -1e-06 1
4e-06 -3.38813e-21 1
4e-06 1e-06 1
4e-06 2e-06 1
4e-06 3e-06 1
4e-06 4e-06 1
4e-06 5e-06 0.746094
4e-06 6e-06 0
4e-06 7e-06 0
4e-06 8e-06 0
4e-06 9e-06 0
4e-06 1e-05 0
4e-06 1.1e-05 0
5e-06 -2e-05 0.0234375
5e-06 -1.9e-05 1
5e-06 -1.8e-05 1
5e-06 -1.7e-05 1
5e-06 -1.6e-05 1
5e-06 -1.5e-05 1
5e-06 -1.4e-05 1
5e-06 -1.3e-05 1
5e-06 -1.2e-05 1
5e-06 -1.1e-05 1
5e-06 -1e-05 1
5e-06 -9e-06 1
5e-06 -8e-06 1
5e-06 -7e-06 1
5e-06 -6e-06 1
5e-06 -5e-06 1
5e-06 -4e-06 1
5e-06 -3e-06 1
5e-06 -2e-06 1
5e-06 -1e-06 1
5e-06 -3.38813e-21 1
5e-06 1e-06 1
5e-06 2e-06 1
5e-06 3e-06 1
5e-06 4e-06 0.914062
5e-06 5e-06 0
5e-06 6e-06 0
5e-06 7e-06 0
5e-06 8e-06 0
5e-06 9e-06 0
5e-06 1e-05 0
5e-06 1.1e-05 0
6e-06 -2e-05 0.0234375
6e-06 -1.9e-05 1
6e-06 -1.8e-05 1
6e-06 -1.7e-05 1
6e-06 -1.6e-05 1
6e-06 -1.5e-05 1
6e-06 -1.4e-05 1
6e-06 -1.3e-05 1
6e-06 -1.2e-05 1
6e-06 -1.1e-05 1
6e-06 -1e-05 1
6e-06 -9e-06 1
6e-06 -8e-06 1
6e-06 -7e-06 1
6e-06 -6e-06 1
6e-06 -5e-06 1
6e-06 -4e-06 1
6e-06 -3e-06 1
6e-06 -2e-06 1
6e-06 -1e-06 1
6e-06 -3.38813e-21 1
6e-06 1e-06 1
6e-06 2e-06 0.972656
6e-06 3e-06 0.34375
6e-06 4e-06 0
6e-06 5e-06 0
6e-06 6e-06 0
6e-06 7e-06 0
6e-06 8e-06 0
6e-06 9e-06 0
6e-06 1e-05 0
6e-06 1.1e-05 0
7e-06 -2e-05 0.0234375
7e-06 -1.9e-05 1
7e-06 -1.8e-05 1
7e-06 -1.7e-05 1
7e-06 -1.6e-05 1
7e-06 -1.5e-05 1
7e-06 -1.4e-05 1
7e-06 -1.3e-05 1
7e-06 -1.2e-05 1
7e-06 -1.1e-05 1
7e-06 -1e-05 1
7e-06 -9e-06 1
7e-06 -8e-06 1
7e-06 -7e-06 1
7e-06 -6e-06 1
7e-06 -5e-06 1
7e-06 -4e-06 1
7e-06 -3e-06 1
7e-06 -2e-06 1
7e-06 -1e-06 1
7e-06 -3.38813e-21 0.046875
7e-06 1e-06 0
7e-06 2e-06 0
7e-06 3e-06 0
7e-06 4e-06 0
7e-06 5e-06 0
7e-06 6e-06 0
7e-06 7e-06 0
7e-06 8e-06 0
7e-06 9e-06 0
7e-06 1e-05 0
7e-06 1.1e-05 0
8e-06 -2e-05 0.0234375
8e-06 -1.9e-05 1
8e-06 -1.8e-05 1
8e-06 -1.7e-05 1
8e-06 -1.6e-05 1
8e-06 -1.5e-05 1
8e-06 -1.4e-05 1
8e-06 -1.3e-05 1
8e-06 -1.2e-05 1
8e-06 -1.1e-05 1
8e-06 -1e-05 1
8e-06 -9e-06 1
8e-06 -8e-06 1
8e-06 -7e-06 1
8e-06 -6e-06 1
8e-06 -5e-06 1
8e-06 -4e-06 1
8e-06 -3e-06 1
8e-06 -2e-06 1
8e-06 -1e-06 0.324219
8e-06 -3.38813e-21 0
8e-06 1e-06 0
8e-06 2e-06 0
8e-06 3e-06 0
8e-06 4e-06 0
8e-06 5e-06 0
8e-06 6e-06 0
8e-06 7e-06 0
8e-06 8e-06 0
8e-06 9e-06 0
8e-06 1e-05 0
8e-06 1.1e-05 0
9e-06 -2e-05 0.0234375
9e-06 -1.9e-05 1
9e-06 -1.8e-05 1
9e-06 -1.7e-05 1
9e-06 -1.6e-05 1
9e-06 -1.5e-05 1
9e-06 -1.4e-05 1
9e-06 -1.3e-05 1
9e-06 -1.2e-05 1
9e-06 -1.1e-05 1
9e-06 -1e-05 1
9e-06 -9e-06 1
9e-06 -8e-06 1
9e-06 -7e-06 1
9e-06 -6e-06 1
9e-06 -5e-06 1
9e-06 -4e-06 1
9e-06 -3e-06 1
9e-06 -2e-06 1
9e-06 -1e-06 0
9e-06 -3.38813e-21 0
9e-06 1e-06 0
9e-06 2e-06 0
9e-06 3e-06 0
9e-06 4e-06 0
9e-06 5e-06 0
9e-06 6e-06 0
9e-06 7e-06 0
9e-06 8e-06 0
9e-06 9e-06 0
9e-06 1e-05 0
9e-06 1.1e-05 0
1e-05 -2e-05 0.0234375
1e-05 -1.9e-05 1
1e-05 -1.8e-05 1
1e-05 -1.7e-05 1
1e-05 -1.6e-05 1
1e-05 -1.5e-05 1
1e-05 -1.4e-05 1
1e-05 -1.3e-05 1
1e-05 -1.2e-05 1
1e-05 -1.1e-05 1
1e-05 -1e-05 1
1e-05 -9e-06 1
1e-05 -8e-06 1
1e-05 -7e-06 1
1e-05 -6e-06 1
1e-05 -5e-06 1
1e-05 -4e-06 1
1e-05 -3e-06 1
1e-05 -2e-06 0.238281
1e-05 -1e-06 0
1e-05 -3.38813e-21 0
1e-05 1e-06 0
1e-05 2e-06 0
1e-05 3e-06 0
1e-05 4e-06 0
1e-05 5e-06 0
1e-05 6e-06 0
1e-05 7e-06 0
1e-05 8e-06 0
1e-05 9e-06 0
1e-05 1e-05 0
1e-05 1.1e-05 0
1.1e-05 -2e-05 0.0234375
1.1e-05 -1.9e-05 1
1.1e-05 -1.8e-05 1
1.1e-05 -1.7e-05 1
1.1e-05 -1.6e-05 1
1.1e-05 -1.5e-05 1
1.1e-05 -1.4e-05 1
1.1e-05 -1.3e-05 1
1.1e-05 -1.2e-05 1
1.1e-05 -1.1e-05 1
1.1e-05 -1e-05 1
1.1e-05 -9e-06 1
1.1e-05 -8e-06 1
1.1e-05 -7e-06 1
1.1e-05 -6e-06 1
1.1e-05 -5e-06 1
1.1e-05 -4e-06 1
1.1e-05 -3e-06 0.992188
1.1e-05 -2e-06 0
1.1e-05 -1e-06 0
1.1e-05 -3.38813e-21 0
1.1e-05 1e-06 0
1.1e-05 2e-06 0
1.1e-05 3e-06 0
1.1e-05 4e-06 0
1.1e-05 5e-06 0
1.1e-05 6e-06 0
1.1e-05 7e-06 0
1.1e-05 8e-06 0
1.1e-05 9e-06 0
1.1e-05 1e-05 0
1.1e-05 1.1e-05 0
1.2e-05 -2e-05 0.0234375
1.2e-05 -1.9e-05 1
1.2e-05 -1.8e-05 1
1.2e-05 -1.7e-05 1
1.2e-05 -1.6e-05 1
1.2e-05 -1.5e-05 1
1.2e-05 -1.4e-05 1
1.2e-05 -1.3e-05 1
1.2e-05 -1.2e-05 1
1.2e-05 -1.1e-05 1
1.2e-05 -1e-05 1
1.2e-05 -9e-06 1
1.2e-05 -8e-06 1
1.2e-05 -7e-06 1
1.2e-05 -6e-06 1
1.2e-05 -5e-06 1
1.2e-05 -4e-06 1
1.2e-05 -3e-06 0.0976562
1.2e-05 -2e-06 0
1.2e-05 -1e-06 0
1.2e-05 -3.38813e-21 0
1.2e-05 1e-06 0
1.2e-05 2e-06 0
1.2e-05 3e-06 0
1.2e-05 4e-06 0
1.2e-05 5e-06 0
1.2e-05 6e-06 0
1.2e-05 7e-06 0
1.2e-05 8e-06 0
1.2e-05 9e-06 0
1.2e-05 1e-05 0
1.2e-05 1.1e-05 0
1.3e-05 -2e-05 0.0234375
1.3e-05 -1.9e-05 1
1.3e-05 -1.8e-05 1
1.3e-05 -1.7e-05 1
1.3e-05 -1.6e-05 1
1.3e-05 -1.5e-05 1
1.3e-05 -1.4e-05 1
1.3e-05 -1.3e-05 1
1.3e-05 -1.2e-05 1
1.3e-05 -1.1e-05 1
1.3e-05 -1e-05 1
1.3e-05 -9e-06 1
1.3e-05 -8e-06 1
1.3e-05 -7e-06 1
1.3e-05 -6e-06 1
1.3e-05 -5e-06 1
1.3e-05 -4e-06 0.871094
1.3e-05 -3e-06 0
1.3e-05 -2e-06 0
1.3e-05 -1e-06 0
1.3e-05 -3.38813e-21 0
1.3e-05 1e-06 0
1.3e-05 2e-06 0
1.3e-05 3e-06 0
1.3e-05 4e-06 0
1.3e-05 5e-06 0
1.3e-05 6e-06 0
1.3e-05 7e-06 0
1.3e-05 8e-06 0
1.3e-05 9e-06 0
1.3e-05 1e-05 0
1.3e-05 1.1e-05 0
1.4e-05 -2e-05 0.0234375
1.4e-05 -1.9e-05 1
1.4e-05 -1.8e-05 1
1.4e-05 -1.7e-05 1
1.4e-05 -1.6e-05 1
1.4e-05 -1.5e-05 1
1.4e-05 -1.4e-05 1
1.4e-05 -1.3e-05 1
1.4e-05 -1.2e-05 1
1.4e-05 -1.1e-05 1
1.4e-05 -1e-05 1
1.4e-05 -9e-06 1
1.4e-05 -8e-06 1
1.4e-05 -7e-06 1
1.4e-05 -6e-06 1
1.4e-05 -5e-06 1
1.4e-05 -4e-06 0.00390625
1.4e-05 -3e-06 0
1.4e-05 -2e-06 0
1.4e-05 -1e-06 0
1.4e-05 -3.38813e-21 0
1.4e-05 1e-06 0
1.4e-05 2e-06 0
1.4e-05 3e-06 0
1.4e-05 4e-06 0
1.4e-05 5e-06 0
1.4e-05 6e-06 0
1.4e-05 7e-06 0
1.4e-05 8e-06 0
1.4e-05 9e-06 0
1.4e-05 1e-05 0
1.4e-05 1.1e-05 0
1.5e-05 -2e-05 0.0234375
1.5e-05 -1.9e-05 1
1.5e-05 -1.8e-05 1
1.5e-05 -1.7e-05 1
1.5e-05 -1.6e-05 1
1.5e-05 -1.5e-05 1
1.5e-05 -1.4e-05 1
1.5e-05 -1.3e-05 1
1.5e-05 -1.2e-05 1
1.5e-05 -1.1e-05 1
1.5e-05 -1e-05 1
1.5e-05 -9e-06 1
1.5e-05 -8e-06 1
1.5e-05 -7e-06 1
1.5e-05 -6e-06 1
1.5e-05 -5e-06 0.378906
1.5e-05 -4e-06 0
1.5e-05 -3e-06 0
1.5e-05 -2e-06 0
1.5e-05 -1e-06 0
1.5e-05 -3.38813e-21 0
1.5e-05 1e-06 0
1.5e-05 2e-06 0
1.5e-05 3e-06 0
1.5e-05 4e-06 0
1.5e-05 5e-06 0
1.5e-05 6e-06 0
1.5e-05 7e-06 0
1.5e-05 8e-06 0
1.5e-05 9e-06 0
1.5e-05 1e-05 0
1.5e-05 1.1e-05 0
1.6e-05 -2e-05 0.0234375
1.6e-05 -1.9e-05 1
1.6e-05 -1.8e-05 1
1.6e-05 -1.7e-05 1
1.6e-05 -1.6e-05 1
1.6e-05 -1.5e-05 1
1.6e-05 -1.4e-05 1
1.6e-05 -1.3e-05 1
1.6e-05 -1.2e-05 1
1.6e-05 -1.1e-05 1
1.6e-05 -1e-05 1
1.6e-05 -9e-06 1
1.6e-05 -8e-06 1
1.6e-05 -7e-06 1
1.6e-05 -6e-06 0.722656
1.6e-05 -5e-06 0
1.6e-05 -4e-06 0
1.6e-05 -3e-06 0
1.6e-05 -2e-06 0
1.6e-05 -1e-06 0
1.6e-05 -3.38813e-21 0
1.6e-05 1e-06 0
1.6e-05 2e-06 0
1.6e-05 3e-06 0
1.6e-05 4e-06 0
1.6e-05 5e-06 0
1.6e-05 6e-06 0
1.6e-05 7e-06 0
1.6e-05 8e-06 0
1.6e-05 9e-06 0
1.6e-05 1e-05 0
1.6e-05 1.1e-05 0
1.7e-05 -2e-05 0.0234375
1.7e-05 -1.9e-05 1
1.7e-05 -1.8e-05 1
1.7e-05 -1.7e-05 1
1.7e-05 -1.6e-05 1
1.7e-05 -1.5e-05 1
1.7e-05 -1.4e-05 1
1.7e-05 -1.3e-05 1
1.7e-05 -1.2e-05 1
1.7e-05 -1.1e-05 1
1.7e-05 -1e-05 1
1.7e-05 -9e-06 1
1.7e-05 -8e-06 1
1.7e-05 -7e-06 0.835938
1.7e-05 -6e-06 0.0351562
1.7e-05 -5e-06 0
1.7e-05 -4e-06 0
1.7e-05 -3e-06 0
1.7e-05 -2e-06 0
1.7e-05 -1e-06 0
1.7e-05 -3.38813e-21 0
1.7e-05 1e-06 0
1.7e-05 2e-06 0
1.7e-05 3e-06 0
1.7e-05 4e-06 0
1.7e-05 5e-06 0
1.7e-05 6e-06 0
1.7e-05 7e-06 0
1.7e-05 8e-06 0
1.7e-05 9e-06 0
1.7e-05 1e-05 0
1.7e-05 1.1e-05 0
1.8e-05 -2e-05 0.0234375
1.8e-05 -1.9e-05 0.996094
1.8e-05 -1.8e-05 1
1.8e-05 -1.7e-05 1
1.8e-05 -1.6e-05 1
1.8e-05 -1.5e-05 1
1.8e-05 -1.4e-05 1
1.8e-05 -1.3e-05 1
1.8e-05 -1.2e-05 1
1.8e-05 -1.1e-05 1
1.8e-05 -1e-05 0.996094
1.8e-05 -9e-06 0.984375
1.8e-05 -8e-06 0.820312
1.8e-05 -7e-06 0.167969
1.8e-05 -6e-06 0
1.8e-05 -5e-06 0
1.8e-05 -4e-06 0
1.8e-05 -3e-06 0
1.8e-05 -2e-06 0
1.8e-05 -1e-06 0
1.8e-05 -3.38813e-21 0
1.8e-05 1e-06 0
1.8e-05 2e-06 0
1.8e-05 3e-06 0
1.8e-05 4e-06 0
1.8e-05 5e-06 0
1.8e-05 6e-06 0
1.8e-05 7e-06 0
1.8e-05 8e-06 0
1.8e-05 9e-06 0
1.8e-05 1e-05 0
1.8e-05 1.1e-05 0
1.9e-05 -2e-05 0.0234375
1.9e-05 -1.9e-05 0.9375
1.9e-05 -1.8e-05 0.976562
1.9e-05 -1.7e-05 0.996094
1.9e-05 -1.6e-05 1
1.9e-05 -1.5e-05 1
1.9e-05 -1.4e-05 1
1.9e-05 -1.3e-05 0.980469
1.9e-05 -1.2e-05 0.976562
1.9e-05 -1.1e-05 0.957031
1.9e-05 -1e-05 0.914062
1.9e-05 -9e-06 0.738281
1.9e-05 -8e-06 0.226562
1.9e-05 -7e-06 0
1.9e-05 -6e-06 0
1.9e-05 -5e-06 0
1.9e-05 -4e-06 0
1.9e-05 -3e-06 0
1.9e-05 -2e-06 0
1.9e-05 -1e-06 0
1.9e-05 -3.38813e-21 0
1.9e-05 1e-06 0
1.9e-05 2e-06 0
1.9e-05 3e-06 0
1.9e-05 4e-06 0
1.9e-05 5e-06 0
1.9e-05 6e-06 0
1.9e-05 7e-06 0
1.9e-05 8e-06 0
1.9e-05 9e-06 0
1.9e-05 1e-05 0
1.9e-05 1.1e-05 0
