# Seed: 2345
# Max time: 1 seconds
# Timestep: 2.7e-06 seconds
# Num particles: 100 per particle per run
# y steps: 1
# z steps: 29
0 -2e-05 1
0 -1.9e-05 1
0 -1.8e-05 1
0 -1.7e-05 1
0 -1.6e-05 1
0 -1.5e-05 1
0 -1.4e-05 1
0 -1.3e-05 1
0 -1.2e-05 1
0 -1.1e-05 1
0 -1e-05 1
0 -9e-06 1
0 -8e-06 1
0 -7e-06 1
0 -6e-06 1
0 -5e-06 1
0 -4e-06 1
0 -3e-06 1
0 -2e-06 1
0 -1e-06 1
0 0 1
0 1e-06 1
0 2e-06 1
0 3e-06 1
0 4e-06 1
0 5e-06 1
0 6e-06 0
0 7e-06 0
0 8e-06 0
# Seed: 2345
# Max time: 1 seconds
# Timestep: 2.7e-06 seconds
# Num particles: 100 per particle per run
# y steps: 1
# z steps: 29
1e-06 -2e-05 0.43
1e-06 -1.9e-05 0.5
1e-06 -1.8e-05 0.51
1e-06 -1.7e-05 0.5
1e-06 -1.6e-05 0.64
1e-06 -1.5e-05 0.48
1e-06 -1.4e-05 0.66
1e-06 -1.3e-05 0.58
1e-06 -1.2e-05 0.66
1e-06 -1.1e-05 0.65
1e-06 -1e-05 0.56
1e-06 -9e-06 0.61
1e-06 -8e-06 0.7
1e-06 -7e-06 0.64
1e-06 -6e-06 0.58
1e-06 -5e-06 0.58
1e-06 -4e-06 0.61
1e-06 -3e-06 0.61
1e-06 -2e-06 0.54
1e-06 -1e-06 0.63
1e-06 0 0.69
1e-06 1e-06 0.63
1e-06 2e-06 0.59
1e-06 3e-06 0.58
1e-06 4e-06 0.53
1e-06 5e-06 0.58
1e-06 6e-06 0
1e-06 7e-06 0
1e-06 8e-06 0
# Seed: 2345
# Max time: 1 seconds
# Timestep: 2.7e-06 seconds
# Num particles: 100 per particle per run
# y steps: 2
# z steps: 29
2e-06 -2e-05 0.43
2e-06 -1.9e-05 0.49
2e-06 -1.8e-05 0.56
2e-06 -1.7e-05 0.57
2e-06 -1.6e-05 0.62
2e-06 -1.5e-05 0.51
2e-06 -1.4e-05 0.67
2e-06 -1.3e-05 0.55
2e-06 -1.2e-05 0.57
2e-06 -1.1e-05 0.55
2e-06 -1e-05 0.64
2e-06 -9e-06 0.61
2e-06 -8e-06 0.53
2e-06 -7e-06 0.63
2e-06 -6e-06 0.61
2e-06 -5e-06 0.67
2e-06 -4e-06 0.63
2e-06 -3e-06 0.56
2e-06 -2e-06 0.56
2e-06 -1e-06 0.56
2e-06 0 0.58
2e-06 1e-06 0.65
2e-06 2e-06 0.65
2e-06 3e-06 0.51
2e-06 4e-06 0.53
2e-06 5e-06 0.64
2e-06 6e-06 0.5
2e-06 7e-06 0
2e-06 8e-06 0
# Seed: 2345
# Max time: 1 seconds
# Timestep: 2.7e-06 seconds
# Num particles: 100 per particle per run
# y steps: 1
# z steps: 29
3e-06 -2e-05 0.43
3e-06 -1.9e-05 0.49
3e-06 -1.8e-05 0.51
3e-06 -1.7e-05 0.5
3e-06 -1.6e-05 0.64
3e-06 -1.5e-05 0.48
3e-06 -1.4e-05 0.66
3e-06 -1.3e-05 0.56
3e-06 -1.2e-05 0.66
3e-06 -1.1e-05 0.65
3e-06 -1e-05 0.57
3e-06 -9e-06 0.61
3e-06 -8e-06 0.7
3e-06 -7e-06 0.64
3e-06 -6e-06 0.58
3e-06 -5e-06 0.57
3e-06 -4e-06 0.61
3e-06 -3e-06 0.61
3e-06 -2e-06 0.54
3e-06 -1e-06 0.63
3e-06 0 0.69
3e-06 1e-06 0.63
3e-06 2e-06 0.6
3e-06 3e-06 0.58
3e-06 4e-06 0.53
3e-06 5e-06 0.58
3e-06 6e-06 0
3e-06 7e-06 0
3e-06 8e-06 0
# Seed: 2345
# Max time: 1 seconds
# Timestep: 2.7e-06 seconds
# Num particles: 100 per particle per run
# y steps: 1
# z steps: 29
4e-06 -2e-05 0.43
4e-06 -1.9e-05 0.49
4e-06 -1.8e-05 0.51
4e-06 -1.7e-05 0.5
4e-06 -1.6e-05 0.64
4e-06 -1.5e-05 0.48
4e-06 -1.4e-05 0.66
4e-06 -1.3e-05 0.56
4e-06 -1.2e-05 0.66
4e-06 -1.1e-05 0.65
4e-06 -1e-05 0.57
4e-06 -9e-06 0.61
4e-06 -8e-06 0.7
4e-06 -7e-06 0.64
4e-06 -6e-06 0.58
4e-06 -5e-06 0.57
4e-06 -4e-06 0.61
4e-06 -3e-06 0.61
4e-06 -2e-06 0.54
4e-06 -1e-06 0.63
4e-06 0 0.69
4e-06 1e-06 0.64
4e-06 2e-06 0.6
4e-06 3e-06 0.58
4e-06 4e-06 0.54
4e-06 5e-06 0.54
4e-06 6e-06 0
4e-06 7e-06 0
4e-06 8e-06 0
# Seed: 2345
# Max time: 1 seconds
# Timestep: 2.7e-06 seconds
# Num particles: 100 per particle per run
# y steps: 2
# z steps: 29
5e-06 -2e-05 0.43
5e-06 -1.9e-05 0.49
5e-06 -1.8e-05 0.54
5e-06 -1.7e-05 0.56
5e-06 -1.6e-05 0.61
5e-06 -1.5e-05 0.5
5e-06 -1.4e-05 0.69
5e-06 -1.3e-05 0.54
5e-06 -1.2e-05 0.55
5e-06 -1.1e-05 0.55
5e-06 -1e-05 0.65
5e-06 -9e-06 0.6
5e-06 -8e-06 0.54
5e-06 -7e-06 0.63
5e-06 -6e-06 0.61
5e-06 -5e-06 0.66
5e-06 -4e-06 0.63
5e-06 -3e-06 0.56
5e-06 -2e-06 0.56
5e-06 -1e-06 0.57
5e-06 0 0.58
5e-06 1e-06 0.66
5e-06 2e-06 0.64
5e-06 3e-06 0.51
5e-06 4e-06 0.51
5e-06 5e-06 0
5e-06 6e-06 0
5e-06 7e-06 0
5e-06 8e-06 0
# Seed: 2345
# Max time: 1 seconds
# Timestep: 2.7e-06 seconds
# Num particles: 100 per particle per run
# y steps: 1
# z steps: 29
6e-06 -2e-05 0.43
6e-06 -1.9e-05 0.48
6e-06 -1.8e-05 0.5
6e-06 -1.7e-05 0.49
6e-06 -1.6e-05 0.63
6e-06 -1.5e-05 0.47
6e-06 -1.4e-05 0.64
6e-06 -1.3e-05 0.54
6e-06 -1.2e-05 0.66
6e-06 -1.1e-05 0.66
6e-06 -1e-05 0.56
6e-06 -9e-06 0.61
6e-06 -8e-06 0.69
6e-06 -7e-06 0.64
6e-06 -6e-06 0.58
6e-06 -5e-06 0.57
6e-06 -4e-06 0.61
6e-06 -3e-06 0.6
6e-06 -2e-06 0.55
6e-06 -1e-06 0.63
6e-06 0 0.67
6e-06 1e-06 0.6
6e-06 2e-06 0.59
6e-06 3e-06 0.53
6e-06 4e-06 0
6e-06 5e-06 0
6e-06 6e-06 0
6e-06 7e-06 0
6e-06 8e-06 0
# Seed: 2345
# Max time: 1 seconds
# Timestep: 2.7e-06 seconds
# Num particles: 100 per particle per run
# y steps: 1
# z steps: 29
7e-06 -2e-05 0.43
7e-06 -1.9e-05 0.48
7e-06 -1.8e-05 0.49
7e-06 -1.7e-05 0.49
7e-06 -1.6e-05 0.64
7e-06 -1.5e-05 0.47
7e-06 -1.4e-05 0.64
7e-06 -1.3e-05 0.54
7e-06 -1.2e-05 0.66
7e-06 -1.1e-05 0.66
7e-06 -1e-05 0.56
7e-06 -9e-06 0.62
7e-06 -8e-06 0.68
7e-06 -7e-06 0.65
7e-06 -6e-06 0.58
7e-06 -5e-06 0.57
7e-06 -4e-06 0.61
7e-06 -3e-06 0.59
7e-06 -2e-06 0.55
7e-06 -1e-06 0.63
7e-06 0 0
7e-06 1e-06 0
7e-06 2e-06 0
7e-06 3e-06 0
7e-06 4e-06 0
7e-06 5e-06 0
7e-06 6e-06 0
7e-06 7e-06 0
7e-06 8e-06 0
# Seed: 2345
# Max time: 1 seconds
# Timestep: 2.7e-06 seconds
# Num particles: 100 per particle per run
# y steps: 2
# z steps: 29
8e-06 -2e-05 0.41
8e-06 -1.9e-05 0.47
8e-06 -1.8e-05 0.53
8e-06 -1.7e-05 0.54
8e-06 -1.6e-05 0.59
8e-06 -1.5e-05 0.47
8e-06 -1.4e-05 0.68
8e-06 -1.3e-05 0.53
8e-06 -1.2e-05 0.55
8e-06 -1.1e-05 0.54
8e-06 -1e-05 0.66
8e-06 -9e-06 0.59
8e-06 -8e-06 0.51
8e-06 -7e-06 0.63
8e-06 -6e-06 0.59
8e-06 -5e-06 0.63
8e-06 -4e-06 0.62
8e-06 -3e-06 0.57
8e-06 -2e-06 0.57
8e-06 -1e-06 0.54
8e-06 0 0
8e-06 1e-06 0
8e-06 2e-06 0
8e-06 3e-06 0
8e-06 4e-06 0
8e-06 5e-06 0
8e-06 6e-06 0
8e-06 7e-06 0
8e-06 8e-06 0
# Seed: 2345
# Max time: 1 seconds
# Timestep: 2.7e-06 seconds
# Num particles: 100 per particle per run
# y steps: 1
# z steps: 29
9e-06 -2e-05 0.4
9e-06 -1.9e-05 0.47
9e-06 -1.8e-05 0.48
9e-06 -1.7e-05 0.49
9e-06 -1.6e-05 0.63
9e-06 -1.5e-05 0.47
9e-06 -1.4e-05 0.62
9e-06 -1.3e-05 0.52
9e-06 -1.2e-05 0.65
9e-06 -1.1e-05 0.65
9e-06 -1e-05 0.55
9e-06 -9e-06 0.6
9e-06 -8e-06 0.69
9e-06 -7e-06 0.62
9e-06 -6e-06 0.57
9e-06 -5e-06 0.57
9e-06 -4e-06 0.59
9e-06 -3e-06 0.58
9e-06 -2e-06 0.55
9e-06 -1e-06 0
9e-06 0 0
9e-06 1e-06 0
9e-06 2e-06 0
9e-06 3e-06 0
9e-06 4e-06 0
9e-06 5e-06 0
9e-06 6e-06 0
9e-06 7e-06 0
9e-06 8e-06 0
# Seed: 2345
# Max time: 1 seconds
# Timestep: 2.7e-06 seconds
# Num particles: 100 per particle per run
# y steps: 2
# z steps: 29
1e-05 -2e-05 0.39
1e-05 -1.9e-05 0.45
1e-05 -1.8e-05 0.51
1e-05 -1.7e-05 0.54
1e-05 -1.6e-05 0.58
1e-05 -1.5e-05 0.47
1e-05 -1.4e-05 0.63
1e-05 -1.3e-05 0.53
1e-05 -1.2e-05 0.52
1e-05 -1.1e-05 0.53
1e-05 -1e-05 0.64
1e-05 -9e-06 0.56
1e-05 -8e-06 0.52
1e-05 -7e-06 0.55
1e-05 -6e-06 0.58
1e-05 -5e-06 0.6
1e-05 -4e-06 0.61
1e-05 -3e-06 0.56
1e-05 -2e-06 0.56
1e-05 -1e-06 0
1e-05 0 0
1e-05 1e-06 0
1e-05 2e-06 0
1e-05 3e-06 0
1e-05 4e-06 0
1e-05 5e-06 0
1e-05 6e-06 0
1e-05 7e-06 0
1e-05 8e-06 0
# Seed: 2345
# Max time: 1 seconds
# Timestep: 2.7e-06 seconds
# Num particles: 100 per particle per run
# y steps: 2
# z steps: 29
1.1e-05 -2e-05 0.39
1.1e-05 -1.9e-05 0.45
1.1e-05 -1.8e-05 0.5
1.1e-05 -1.7e-05 0.53
1.1e-05 -1.6e-05 0.58
1.1e-05 -1.5e-05 0.47
1.1e-05 -1.4e-05 0.62
1.1e-05 -1.3e-05 0.52
1.1e-05 -1.2e-05 0.53
1.1e-05 -1.1e-05 0.53
1.1e-05 -1e-05 0.63
1.1e-05 -9e-06 0.58
1.1e-05 -8e-06 0.49
1.1e-05 -7e-06 0.54
1.1e-05 -6e-06 0.58
1.1e-05 -5e-06 0.61
1.1e-05 -4e-06 0.6
1.1e-05 -3e-06 0.55
1.1e-05 -2e-06 0
1.1e-05 -1e-06 0
1.1e-05 0 0
1.1e-05 1e-06 0
1.1e-05 2e-06 0
1.1e-05 3e-06 0
1.1e-05 4e-06 0
1.1e-05 5e-06 0
1.1e-05 6e-06 0
1.1e-05 7e-06 0
1.1e-05 8e-06 0
# Seed: 2345
# Max time: 1 seconds
# Timestep: 2.7e-06 seconds
# Num particles: 100 per particle per run
# y steps: 1
# z steps: 29
1.2e-05 -2e-05 0.37
1.2e-05 -1.9e-05 0.41
1.2e-05 -1.8e-05 0.45
1.2e-05 -1.7e-05 0.47
1.2e-05 -1.6e-05 0.55
1.2e-05 -1.5e-05 0.44
1.2e-05 -1.4e-05 0.58
1.2e-05 -1.3e-05 0.52
1.2e-05 -1.2e-05 0.64
1.2e-05 -1.1e-05 0.66
1.2e-05 -1e-05 0.52
1.2e-05 -9e-06 0.55
1.2e-05 -8e-06 0.68
1.2e-05 -7e-06 0.58
1.2e-05 -6e-06 0.56
1.2e-05 -5e-06 0.55
1.2e-05 -4e-06 0.56
1.2e-05 -3e-06 0.58
1.2e-05 -2e-06 0
1.2e-05 -1e-06 0
1.2e-05 0 0
1.2e-05 1e-06 0
1.2e-05 2e-06 0
1.2e-05 3e-06 0
1.2e-05 4e-06 0
1.2e-05 5e-06 0
1.2e-05 6e-06 0
1.2e-05 7e-06 0
1.2e-05 8e-06 0
# Seed: 2345
# Max time: 1 seconds
# Timestep: 2.7e-06 seconds
# Num particles: 100 per particle per run
# y steps: 2
# z steps: 29
1.3e-05 -2e-05 0.31
1.3e-05 -1.9e-05 0.43
1.3e-05 -1.8e-05 0.44
1.3e-05 -1.7e-05 0.5
1.3e-05 -1.6e-05 0.51
1.3e-05 -1.5e-05 0.43
1.3e-05 -1.4e-05 0.58
1.3e-05 -1.3e-05 0.46
1.3e-05 -1.2e-05 0.5
1.3e-05 -1.1e-05 0.49
1.3e-05 -1e-05 0.57
1.3e-05 -9e-06 0.56
1.3e-05 -8e-06 0.46
1.3e-05 -7e-06 0.55
1.3e-05 -6e-06 0.56
1.3e-05 -5e-06 0.57
1.3e-05 -4e-06 0.58
1.3e-05 -3e-06 0
1.3e-05 -2e-06 0
1.3e-05 -1e-06 0
1.3e-05 0 0
1.3e-05 1e-06 0
1.3e-05 2e-06 0
1.3e-05 3e-06 0
1.3e-05 4e-06 0
1.3e-05 5e-06 0
1.3e-05 6e-06 0
1.3e-05 7e-06 0
1.3e-05 8e-06 0
# Seed: 2345
# Max time: 1 seconds
# Timestep: 2.7e-06 seconds
# Num particles: 100 per particle per run
# y steps: 1
# z steps: 29
1.4e-05 -2e-05 0.24
1.4e-05 -1.9e-05 0.37
1.4e-05 -1.8e-05 0.44
1.4e-05 -1.7e-05 0.43
1.4e-05 -1.6e-05 0.5
1.4e-05 -1.5e-05 0.39
1.4e-05 -1.4e-05 0.54
1.4e-05 -1.3e-05 0.48
1.4e-05 -1.2e-05 0.59
1.4e-05 -1.1e-05 0.63
1.4e-05 -1e-05 0.48
1.4e-05 -9e-06 0.52
1.4e-05 -8e-06 0.67
1.4e-05 -7e-06 0.57
1.4e-05 -6e-06 0.53
1.4e-05 -5e-06 0.54
1.4e-05 -4e-06 0.5
1.4e-05 -3e-06 0
1.4e-05 -2e-06 0
1.4e-05 -1e-06 0
1.4e-05 0 0
1.4e-05 1e-06 0
1.4e-05 2e-06 0
1.4e-05 3e-06 0
1.4e-05 4e-06 0
1.4e-05 5e-06 0
1.4e-05 6e-06 0
1.4e-05 7e-06 0
1.4e-05 8e-06 0
# Seed: 2345
# Max time: 1 seconds
# Timestep: 2.7e-06 seconds
# Num particles: 100 per particle per run
# y steps: 2
# z steps: 29
1.5e-05 -2e-05 0.18
1.5e-05 -1.9e-05 0.3
1.5e-05 -1.8e-05 0.37
1.5e-05 -1.7e-05 0.43
1.5e-05 -1.6e-05 0.44
1.5e-05 -1.5e-05 0.37
1.5e-05 -1.4e-05 0.52
1.5e-05 -1.3e-05 0.45
1.5e-05 -1.2e-05 0.47
1.5e-05 -1.1e-05 0.45
1.5e-05 -1e-05 0.55
1.5e-05 -9e-06 0.51
1.5e-05 -8e-06 0.46
1.5e-05 -7e-06 0.52
1.5e-05 -6e-06 0.48
1.5e-05 -5e-06 0.51
1.5e-05 -4e-06 0
1.5e-05 -3e-06 0
1.5e-05 -2e-06 0
1.5e-05 -1e-06 0
1.5e-05 0 0
1.5e-05 1e-06 0
1.5e-05 2e-06 0
1.5e-05 3e-06 0
1.5e-05 4e-06 0
1.5e-05 5e-06 0
1.5e-05 6e-06 0
1.5e-05 7e-06 0
1.5e-05 8e-06 0
# Seed: 2345
# Max time: 1 seconds
# Timestep: 2.7e-06 seconds
# Num particles: 100 per particle per run
# y steps: 2
# z steps: 29
1.6e-05 -2e-05 0.16
1.6e-05 -1.9e-05 0.25
1.6e-05 -1.8e-05 0.27
1.6e-05 -1.7e-05 0.38
1.6e-05 -1.6e-05 0.42
1.6e-05 -1.5e-05 0.35
1.6e-05 -1.4e-05 0.49
1.6e-05 -1.3e-05 0.42
1.6e-05 -1.2e-05 0.46
1.6e-05 -1.1e-05 0.42
1.6e-05 -1e-05 0.54
1.6e-05 -9e-06 0.5
1.6e-05 -8e-06 0.44
1.6e-05 -7e-06 0.52
1.6e-05 -6e-06 0.44
1.6e-05 -5e-06 0
1.6e-05 -4e-06 0
1.6e-05 -3e-06 0
1.6e-05 -2e-06 0
1.6e-05 -1e-06 0
1.6e-05 0 0
1.6e-05 1e-06 0
1.6e-05 2e-06 0
1.6e-05 3e-06 0
1.6e-05 4e-06 0
1.6e-05 5e-06 0
1.6e-05 6e-06 0
1.6e-05 7e-06 0
1.6e-05 8e-06 0
# Seed: 2345
# Max time: 1 seconds
# Timestep: 2.7e-06 seconds
# Num particles: 100 per particle per run
# y steps: 2
# z steps: 29
1.7e-05 -2e-05 1
1.7e-05 -1.9e-05 0.11
1.7e-05 -1.8e-05 0.18
1.7e-05 -1.7e-05 0.24
1.7e-05 -1.6e-05 0.3
1.7e-05 -1.5e-05 0.28
1.7e-05 -1.4e-05 0.41
1.7e-05 -1.3e-05 0.34
1.7e-05 -1.2e-05 0.39
1.7e-05 -1.1e-05 0.37
1.7e-05 -1e-05 0.48
1.7e-05 -9e-06 0.39
1.7e-05 -8e-06 0.41
1.7e-05 -7e-06 0.47
1.7e-05 -6e-06 0.01
1.7e-05 -5e-06 0
1.7e-05 -4e-06 0
1.7e-05 -3e-06 0
1.7e-05 -2e-06 0
1.7e-05 -1e-06 0
1.7e-05 0 0
1.7e-05 1e-06 0
1.7e-05 2e-06 0
1.7e-05 3e-06 0
1.7e-05 4e-06 0
1.7e-05 5e-06 0
1.7e-05 6e-06 0
1.7e-05 7e-06 0
1.7e-05 8e-06 0
# Seed: 2345
# Max time: 1 seconds
# Timestep: 2.7e-06 seconds
# Num particles: 100 per particle per run
# y steps: 1
# z steps: 29
1.8e-05 -2e-05 0
1.8e-05 -1.9e-05 1
1.8e-05 -1.8e-05 0.45
1.8e-05 -1.7e-05 0.12
1.8e-05 -1.6e-05 0.22
1.8e-05 -1.5e-05 0.22
1.8e-05 -1.4e-05 0.27
1.8e-05 -1.3e-05 0.27
1.8e-05 -1.2e-05 0.39
1.8e-05 -1.1e-05 0.42
1.8e-05 -1e-05 0.3
1.8e-05 -9e-06 0.3
1.8e-05 -8e-06 0.42
1.8e-05 -7e-06 0.26
1.8e-05 -6e-06 0
1.8e-05 -5e-06 0
1.8e-05 -4e-06 0
1.8e-05 -3e-06 0
1.8e-05 -2e-06 0
1.8e-05 -1e-06 0
1.8e-05 0 0
1.8e-05 1e-06 0
1.8e-05 2e-06 0
1.8e-05 3e-06 0
1.8e-05 4e-06 0
1.8e-05 5e-06 0
1.8e-05 6e-06 0
1.8e-05 7e-06 0
1.8e-05 8e-06 0
# Seed: 2345
# Max time: 1 seconds
# Timestep: 2.7e-06 seconds
# Num particles: 100 per particle per run
# y steps: 2
# z steps: 29
1.9e-05 -2e-05 0
1.9e-05 -1.9e-05 0
1.9e-05 -1.8e-05 0
1.9e-05 -1.7e-05 1
1.9e-05 -1.6e-05 0.22
1.9e-05 -1.5e-05 0.11
1.9e-05 -1.4e-05 0.17
1.9e-05 -1.3e-05 0.13
1.9e-05 -1.2e-05 0.19
1.9e-05 -1.1e-05 0.22
1.9e-05 -1e-05 0.2
1.9e-05 -9e-06 0.2
1.9e-05 -8e-06 0.12
1.9e-05 -7e-06 0
1.9e-05 -6e-06 0
1.9e-05 -5e-06 0
1.9e-05 -4e-06 0
1.9e-05 -3e-06 0
1.9e-05 -2e-06 0
1.9e-05 -1e-06 0
1.9e-05 0 0
1.9e-05 1e-06 0
1.9e-05 2e-06 0
1.9e-05 3e-06 0
1.9e-05 4e-06 0
1.9e-05 5e-06 0
1.9e-05 6e-06 0
1.9e-05 7e-06 0
1.9e-05 8e-06 0
# Seed: 2345
# Max time: 1 seconds
# Timestep: 2.7e-06 seconds
# Num particles: 100 per particle per run
# y steps: 2
# z steps: 29
2e-05 -2e-05 0
2e-05 -1.9e-05 0
2e-05 -1.8e-05 0
2e-05 -1.7e-05 0
2e-05 -1.6e-05 0
2e-05 -1.5e-05 0
2e-05 -1.4e-05 0
2e-05 -1.3e-05 0
2e-05 -1.2e-05 0
2e-05 -1.1e-05 0
2e-05 -1e-05 0
2e-05 -9e-06 0
2e-05 -8e-06 0
2e-05 -7e-06 0
2e-05 -6e-06 0
2e-05 -5e-06 0
2e-05 -4e-06 0
2e-05 -3e-06 0
2e-05 -2e-06 0
2e-05 -1e-06 0
2e-05 0 0
2e-05 1e-06 0
2e-05 2e-06 0
2e-05 3e-06 0
2e-05 4e-06 0
2e-05 5e-06 0
2e-05 6e-06 0
2e-05 7e-06 0
2e-05 8e-06 0
0 -2e-05 1
0 -1.9e-05 1
0 -1.8e-05 1
0 -1.7e-05 1
0 -1.6e-05 1
0 -1.5e-05 1
0 -1.4e-05 1
0 -1.3e-05 1
0 -1.2e-05 1
0 -1.1e-05 1
0 -1e-05 1
0 -9e-06 1
0 -8e-06 1
0 -7e-06 1
0 -6e-06 1
0 -5e-06 1
0 -4e-06 1
0 -3e-06 1
0 -2e-06 1
0 -1e-06 1
0 0 1
0 1e-06 1
0 2e-06 1
0 3e-06 1
0 4e-06 1
0 5e-06 1
0 6e-06 0
0 7e-06 0
0 8e-06 0
1e-06 -2e-05 0.43
1e-06 -1.9e-05 0.5
1e-06 -1.8e-05 0.51
1e-06 -1.7e-05 0.5
1e-06 -1.6e-05 0.64
1e-06 -1.5e-05 0.48
1e-06 -1.4e-05 0.66
1e-06 -1.3e-05 0.58
1e-06 -1.2e-05 0.66
1e-06 -1.1e-05 0.65
1e-06 -1e-05 0.56
1e-06 -9e-06 0.61
1e-06 -8e-06 0.7
1e-06 -7e-06 0.64
1e-06 -6e-06 0.58
1e-06 -5e-06 0.58
1e-06 -4e-06 0.61
1e-06 -3e-06 0.61
1e-06 -2e-06 0.54
1e-06 -1e-06 0.63
1e-06 0 0.69
1e-06 1e-06 0.63
1e-06 2e-06 0.59
1e-06 3e-06 0.58
1e-06 4e-06 0.53
1e-06 5e-06 0.58
1e-06 6e-06 0
1e-06 7e-06 0
1e-06 8e-06 0
2e-06 -2e-05 0.43
2e-06 -1.9e-05 0.49
2e-06 -1.8e-05 0.51
2e-06 -1.7e-05 0.5
2e-06 -1.6e-05 0.64
2e-06 -1.5e-05 0.48
2e-06 -1.4e-05 0.66
2e-06 -1.3e-05 0.56
2e-06 -1.2e-05 0.66
2e-06 -1.1e-05 0.65
2e-06 -1e-05 0.56
2e-06 -9e-06 0.61
2e-06 -8e-06 0.7
2e-06 -7e-06 0.64
2e-06 -6e-06 0.58
2e-06 -5e-06 0.57
2e-06 -4e-06 0.61
2e-06 -3e-06 0.61
2e-06 -2e-06 0.54
2e-06 -1e-06 0.63
2e-06 0 0.69
2e-06 1e-06 0.63
2e-06 2e-06 0.6
2e-06 3e-06 0.58
2e-06 4e-06 0.53
2e-06 5e-06 0.58
2e-06 6e-06 0.54
2e-06 7e-06 0
2e-06 8e-06 0
3e-06 -2e-05 0.43
3e-06 -1.9e-05 0.49
3e-06 -1.8e-05 0.51
3e-06 -1.7e-05 0.5
3e-06 -1.6e-05 0.64
3e-06 -1.5e-05 0.48
3e-06 -1.4e-05 0.66
3e-06 -1.3e-05 0.56
3e-06 -1.2e-05 0.66
3e-06 -1.1e-05 0.65
3e-06 -1e-05 0.57
3e-06 -9e-06 0.61
3e-06 -8e-06 0.7
3e-06 -7e-06 0.64
3e-06 -6e-06 0.58
3e-06 -5e-06 0.57
3e-06 -4e-06 0.61
3e-06 -3e-06 0.61
3e-06 -2e-06 0.54
3e-06 -1e-06 0.63
3e-06 0 0.69
3e-06 1e-06 0.63
3e-06 2e-06 0.6
3e-06 3e-06 0.58
3e-06 4e-06 0.53
3e-06 5e-06 0.58
3e-06 6e-06 0
3e-06 7e-06 0
3e-06 8e-06 0
4e-06 -2e-05 0.43
4e-06 -1.9e-05 0.49
4e-06 -1.8e-05 0.51
4e-06 -1.7e-05 0.5
4e-06 -1.6e-05 0.64
4e-06 -1.5e-05 0.48
4e-06 -1.4e-05 0.66
4e-06 -1.3e-05 0.56
4e-06 -1.2e-05 0.66
4e-06 -1.1e-05 0.65
4e-06 -1e-05 0.57
4e-06 -9e-06 0.61
4e-06 -8e-06 0.7
4e-06 -7e-06 0.64
4e-06 -6e-06 0.58
4e-06 -5e-06 0.57
4e-06 -4e-06 0.61
4e-06 -3e-06 0.61
4e-06 -2e-06 0.54
4e-06 -1e-06 0.63
4e-06 0 0.69
4e-06 1e-06 0.64
4e-06 2e-06 0.6
4e-06 3e-06 0.58
4e-06 4e-06 0.54
4e-06 5e-06 0.54
4e-06 6e-06 0
4e-06 7e-06 0
4e-06 8e-06 0
5e-06 -2e-05 0.43
5e-06 -1.9e-05 0.48
5e-06 -1.8e-05 0.5
5e-06 -1.7e-05 0.5
5e-06 -1.6e-05 0.64
5e-06 -1.5e-05 0.47
5e-06 -1.4e-05 0.66
5e-06 -1.3e-05 0.55
5e-06 -1.2e-05 0.66
5e-06 -1.1e-05 0.65
5e-06 -1e-05 0.57
5e-06 -9e-06 0.61
5e-06 -8e-06 0.7
5e-06 -7e-06 0.64
5e-06 -6e-06 0.58
5e-06 -5e-06 0.57
5e-06 -4e-06 0.61
5e-06 -3e-06 0.61
5e-06 -2e-06 0.54
5e-06 -1e-06 0.64
5e-06 0 0.69
5e-06 1e-06 0.64
5e-06 2e-06 0.61
5e-06 3e-06 0.58
5e-06 4e-06 0.51
5e-06 5e-06 0
5e-06 6e-06 0
5e-06 7e-06 0
5e-06 8e-06 0
6e-06 -2e-05 0.43
6e-06 -1.9e-05 0.48
6e-06 -1.8e-05 0.5
6e-06 -1.7e-05 0.49
6e-06 -1.6e-05 0.63
6e-06 -1.5e-05 0.47
6e-06 -1.4e-05 0.64
6e-06 -1.3e-05 0.54
6e-06 -1.2e-05 0.66
6e-06 -1.1e-05 0.66
6e-06 -1e-05 0.56
6e-06 -9e-06 0.61
6e-06 -8e-06 0.69
6e-06 -7e-06 0.64
6e-06 -6e-06 0.58
6e-06 -5e-06 0.57
6e-06 -4e-06 0.61
6e-06 -3e-06 0.6
6e-06 -2e-06 0.55
6e-06 -1e-06 0.63
6e-06 0 0.67
6e-06 1e-06 0.6
6e-06 2e-06 0.59
6e-06 3e-06 0.53
6e-06 4e-06 0
6e-06 5e-06 0
6e-06 6e-06 0
6e-06 7e-06 0
6e-06 8e-06 0
7e-06 -2e-05 0.43
7e-06 -1.9e-05 0.48
7e-06 -1.8e-05 0.49
7e-06 -1.7e-05 0.49
7e-06 -1.6e-05 0.64
7e-06 -1.5e-05 0.47
7e-06 -1.4e-05 0.64
7e-06 -1.3e-05 0.54
7e-06 -1.2e-05 0.66
7e-06 -1.1e-05 0.66
7e-06 -1e-05 0.56
7e-06 -9e-06 0.62
7e-06 -8e-06 0.68
7e-06 -7e-06 0.65
7e-06 -6e-06 0.58
7e-06 -5e-06 0.57
7e-06 -4e-06 0.61
7e-06 -3e-06 0.59
7e-06 -2e-06 0.55
7e-06 -1e-06 0.63
7e-06 0 0
7e-06 1e-06 0
7e-06 2e-06 0
7e-06 3e-06 0
7e-06 4e-06 0
7e-06 5e-06 0
7e-06 6e-06 0
7e-06 7e-06 0
7e-06 8e-06 0
8e-06 -2e-05 0.41
8e-06 -1.9e-05 0.47
8e-06 -1.8e-05 0.49
8e-06 -1.7e-05 0.49
8e-06 -1.6e-05 0.63
8e-06 -1.5e-05 0.47
8e-06 -1.4e-05 0.63
8e-06 -1.3e-05 0.53
8e-06 -1.2e-05 0.65
8e-06 -1.1e-05 0.66
8e-06 -1e-05 0.55
8e-06 -9e-06 0.61
8e-06 -8e-06 0.69
8e-06 -7e-06 0.65
8e-06 -6e-06 0.58
8e-06 -5e-06 0.56
8e-06 -4e-06 0.61
8e-06 -3e-06 0.59
8e-06 -2e-06 0.55
8e-06 -1e-06 0.63
8e-06 0 0
8e-06 1e-06 0
8e-06 2e-06 0
8e-06 3e-06 0
8e-06 4e-06 0
8e-06 5e-06 0
8e-06 6e-06 0
8e-06 7e-06 0
8e-06 8e-06 0
9e-06 -2e-05 0.4
9e-06 -1.9e-05 0.47
9e-06 -1.8e-05 0.48
9e-06 -1.7e-05 0.49
9e-06 -1.6e-05 0.63
9e-06 -1.5e-05 0.47
9e-06 -1.4e-05 0.62
9e-06 -1.3e-05 0.52
9e-06 -1.2e-05 0.65
9e-06 -1.1e-05 0.65
9e-06 -1e-05 0.55
9e-06 -9e-06 0.6
9e-06 -8e-06 0.69
9e-06 -7e-06 0.62
9e-06 -6e-06 0.57
9e-06 -5e-06 0.57
9e-06 -4e-06 0.59
9e-06 -3e-06 0.58
9e-06 -2e-06 0.55
9e-06 -1e-06 0
9e-06 0 0
9e-06 1e-06 0
9e-06 2e-06 0
9e-06 3e-06 0
9e-06 4e-06 0
9e-06 5e-06 0
9e-06 6e-06 0
9e-06 7e-06 0
9e-06 8e-06 0
1e-05 -2e-05 0.39
1e-05 -1.9e-05 0.47
1e-05 -1.8e-05 0.49
1e-05 -1.7e-05 0.49
1e-05 -1.6e-05 0.62
1e-05 -1.5e-05 0.46
1e-05 -1.4e-05 0.61
1e-05 -1.3e-05 0.51
1e-05 -1.2e-05 0.65
1e-05 -1.1e-05 0.65
1e-05 -1e-05 0.54
1e-05 -9e-06 0.59
1e-05 -8e-06 0.69
1e-05 -7e-06 0.62
1e-05 -6e-06 0.57
1e-05 -5e-06 0.56
1e-05 -4e-06 0.59
1e-05 -3e-06 0.59
1e-05 -2e-06 0.55
1e-05 -1e-06 0
1e-05 0 0
1e-05 1e-06 0
1e-05 2e-06 0
1e-05 3e-06 0
1e-05 4e-06 0
1e-05 5e-06 0
1e-05 6e-06 0
1e-05 7e-06 0
1e-05 8e-06 0
1.1e-05 -2e-05 0.39
1.1e-05 -1.9e-05 0.44
1.1e-05 -1.8e-05 0.47
1.1e-05 -1.7e-05 0.5
1.1e-05 -1.6e-05 0.59
1.1e-05 -1.5e-05 0.46
1.1e-05 -1.4e-05 0.6
1.1e-05 -1.3e-05 0.51
1.1e-05 -1.2e-05 0.64
1.1e-05 -1.1e-05 0.66
1.1e-05 -1e-05 0.54
1.1e-05 -9e-06 0.58
1.1e-05 -8e-06 0.68
1.1e-05 -7e-06 0.6
1.1e-05 -6e-06 0.56
1.1e-05 -5e-06 0.55
1.1e-05 -4e-06 0.58
1.1e-05 -3e-06 0.58
1.1e-05 -2e-06 0
1.1e-05 -1e-06 0
1.1e-05 0 0
1.1e-05 1e-06 0
1.1e-05 2e-06 0
1.1e-05 3e-06 0
1.1e-05 4e-06 0
1.1e-05 5e-06 0
1.1e-05 6e-06 0
1.1e-05 7e-06 0
1.1e-05 8e-06 0
1.2e-05 -2e-05 0.37
1.2e-05 -1.9e-05 0.41
1.2e-05 -1.8e-05 0.45
1.2e-05 -1.7e-05 0.47
1.2e-05 -1.6e-05 0.55
1.2e-05 -1.5e-05 0.44
1.2e-05 -1.4e-05 0.58
1.2e-05 -1.3e-05 0.52
1.2e-05 -1.2e-05 0.64
1.2e-05 -1.1e-05 0.66
1.2e-05 -1e-05 0.52
1.2e-05 -9e-06 0.55
1.2e-05 -8e-06 0.68
1.2e-05 -7e-06 0.58
1.2e-05 -6e-06 0.56
1.2e-05 -5e-06 0.55
1.2e-05 -4e-06 0.56
1.2e-05 -3e-06 0.58
1.2e-05 -2e-06 0
1.2e-05 -1e-06 0
1.2e-05 0 0
1.2e-05 1e-06 0
1.2e-05 2e-06 0
1.2e-05 3e-06 0
1.2e-05 4e-06 0
1.2e-05 5e-06 0
1.2e-05 6e-06 0
1.2e-05 7e-06 0
1.2e-05 8e-06 0
1.3e-05 -2e-05 0.31
1.3e-05 -1.9e-05 0.38
1.3e-05 -1.8e-05 0.46
1.3e-05 -1.7e-05 0.44
1.3e-05 -1.6e-05 0.52
1.3e-05 -1.5e-05 0.44
1.3e-05 -1.4e-05 0.54
1.3e-05 -1.3e-05 0.5
1.3e-05 -1.2e-05 0.61
1.3e-05 -1.1e-05 0.65
1.3e-05 -1e-05 0.51
1.3e-05 -9e-06 0.54
1.3e-05 -8e-06 0.68
1.3e-05 -7e-06 0.58
1.3e-05 -6e-06 0.53
1.3e-05 -5e-06 0.55
1.3e-05 -4e-06 0.52
1.3e-05 -3e-06 0
1.3e-05 -2e-06 0
1.3e-05 -1e-06 0
1.3e-05 0 0
1.3e-05 1e-06 0
1.3e-05 2e-06 0
1.3e-05 3e-06 0
1.3e-05 4e-06 0
1.3e-05 5e-06 0
1.3e-05 6e-06 0
1.3e-05 7e-06 0
1.3e-05 8e-06 0
1.4e-05 -2e-05 0.24
1.4e-05 -1.9e-05 0.37
1.4e-05 -1.8e-05 0.44
1.4e-05 -1.7e-05 0.43
1.4e-05 -1.6e-05 0.5
1.4e-05 -1.5e-05 0.39
1.4e-05 -1.4e-05 0.54
1.4e-05 -1.3e-05 0.48
1.4e-05 -1.2e-05 0.59
1.4e-05 -1.1e-05 0.63
1.4e-05 -1e-05 0.48
1.4e-05 -9e-06 0.52
1.4e-05 -8e-06 0.67
1.4e-05 -7e-06 0.57
1.4e-05 -6e-06 0.53
1.4e-05 -5e-06 0.54
1.4e-05 -4e-06 0.5
1.4e-05 -3e-06 0
1.4e-05 -2e-06 0
1.4e-05 -1e-06 0
1.4e-05 0 0
1.4e-05 1e-06 0
1.4e-05 2e-06 0
1.4e-05 3e-06 0
1.4e-05 4e-06 0
1.4e-05 5e-06 0
1.4e-05 6e-06 0
1.4e-05 7e-06 0
1.4e-05 8e-06 0
1.5e-05 -2e-05 0.18
1.5e-05 -1.9e-05 0.31
1.5e-05 -1.8e-05 0.38
1.5e-05 -1.7e-05 0.4
1.5e-05 -1.6e-05 0.44
1.5e-05 -1.5e-05 0.4
1.5e-05 -1.4e-05 0.53
1.5e-05 -1.3e-05 0.45
1.5e-05 -1.2e-05 0.58
1.5e-05 -1.1e-05 0.62
1.5e-05 -1e-05 0.48
1.5e-05 -9e-06 0.51
1.5e-05 -8e-06 0.62
1.5e-05 -7e-06 0.53
1.5e-05 -6e-06 0.49
1.5e-05 -5e-06 0.51
1.5e-05 -4e-06 0
1.5e-05 -3e-06 0
1.5e-05 -2e-06 0
1.5e-05 -1e-06 0
1.5e-05 0 0
1.5e-05 1e-06 0
1.5e-05 2e-06 0
1.5e-05 3e-06 0
1.5e-05 4e-06 0
1.5e-05 5e-06 0
1.5e-05 6e-06 0
1.5e-05 7e-06 0
1.5e-05 8e-06 0
1.6e-05 -2e-05 0.16
1.6e-05 -1.9e-05 0.2
1.6e-05 -1.8e-05 0.31
1.6e-05 -1.7e-05 0.37
1.6e-05 -1.6e-05 0.44
1.6e-05 -1.5e-05 0.39
1.6e-05 -1.4e-05 0.5
1.6e-05 -1.3e-05 0.41
1.6e-05 -1.2e-05 0.55
1.6e-05 -1.1e-05 0.61
1.6e-05 -1e-05 0.44
1.6e-05 -9e-06 0.49
1.6e-05 -8e-06 0.58
1.6e-05 -7e-06 0.49
1.6e-05 -6e-06 0.47
1.6e-05 -5e-06 0
1.6e-05 -4e-06 0
1.6e-05 -3e-06 0
1.6e-05 -2e-06 0
1.6e-05 -1e-06 0
1.6e-05 0 0
1.6e-05 1e-06 0
1.6e-05 2e-06 0
1.6e-05 3e-06 0
1.6e-05 4e-06 0
1.6e-05 5e-06 0
1.6e-05 6e-06 0
1.6e-05 7e-06 0
1.6e-05 8e-06 0
1.7e-05 -2e-05 1
1.7e-05 -1.9e-05 0.11
1.7e-05 -1.8e-05 0.19
1.7e-05 -1.7e-05 0.24
1.7e-05 -1.6e-05 0.3
1.7e-05 -1.5e-05 0.34
1.7e-05 -1.4e-05 0.43
1.7e-05 -1.3e-05 0.38
1.7e-05 -1.2e-05 0.46
1.7e-05 -1.1e-05 0.54
1.7e-05 -1e-05 0.38
1.7e-05 -9e-06 0.43
1.7e-05 -8e-06 0.53
1.7e-05 -7e-06 0.44
1.7e-05 -6e-06 0
1.7e-05 -5e-06 0
1.7e-05 -4e-06 0
1.7e-05 -3e-06 0
1.7e-05 -2e-06 0
1.7e-05 -1e-06 0
1.7e-05 0 0
1.7e-05 1e-06 0
1.7e-05 2e-06 0
1.7e-05 3e-06 0
1.7e-05 4e-06 0
1.7e-05 5e-06 0
1.7e-05 6e-06 0
1.7e-05 7e-06 0
1.7e-05 8e-06 0
1.8e-05 -2e-05 0
1.8e-05 -1.9e-05 1
1.8e-05 -1.8e-05 0.45
1.8e-05 -1.7e-05 0.12
1.8e-05 -1.6e-05 0.22
1.8e-05 -1.5e-05 0.22
1.8e-05 -1.4e-05 0.27
1.8e-05 -1.3e-05 0.27
1.8e-05 -1.2e-05 0.39
1.8e-05 -1.1e-05 0.42
1.8e-05 -1e-05 0.3
1.8e-05 -9e-06 0.3
1.8e-05 -8e-06 0.42
1.8e-05 -7e-06 0.26
1.8e-05 -6e-06 0
1.8e-05 -5e-06 0
1.8e-05 -4e-06 0
1.8e-05 -3e-06 0
1.8e-05 -2e-06 0
1.8e-05 -1e-06 0
1.8e-05 0 0
1.8e-05 1e-06 0
1.8e-05 2e-06 0
1.8e-05 3e-06 0
1.8e-05 4e-06 0
1.8e-05 5e-06 0
1.8e-05 6e-06 0
1.8e-05 7e-06 0
1.8e-05 8e-06 0
1.9e-05 -2e-05 0
1.9e-05 -1.9e-05 0
1.9e-05 -1.8e-05 0
1.9e-05 -1.7e-05 1
1.9e-05 -1.6e-05 0.22
1.9e-05 -1.5e-05 0.16
1.9e-05 -1.4e-05 0.2
1.9e-05 -1.3e-05 0.15
1.9e-05 -1.2e-05 0.22
1.9e-05 -1.1e-05 0.25
1.9e-05 -1e-05 0.23
1.9e-05 -9e-06 0.16
1.9e-05 -8e-06 0.16
1.9e-05 -7e-06 0
1.9e-05 -6e-06 0
1.9e-05 -5e-06 0
1.9e-05 -4e-06 0
1.9e-05 -3e-06 0
1.9e-05 -2e-06 0
1.9e-05 -1e-06 0
1.9e-05 0 0
1.9e-05 1e-06 0
1.9e-05 2e-06 0
1.9e-05 3e-06 0
1.9e-05 4e-06 0
1.9e-05 5e-06 0
1.9e-05 6e-06 0
1.9e-05 7e-06 0
1.9e-05 8e-06 0
2e-05 -2e-05 0
2e-05 -1.9e-05 0
2e-05 -1.8e-05 0
2e-05 -1.7e-05 0
2e-05 -1.6e-05 0
2e-05 -1.5e-05 0
2e-05 -1.4e-05 0
2e-05 -1.3e-05 0
2e-05 -1.2e-05 0
2e-05 -1.1e-05 0
2e-05 -1e-05 0
2e-05 -9e-06 0
2e-05 -8e-06 0
2e-05 -7e-06 0
2e-05 -6e-06 0
2e-05 -5e-06 0
2e-05 -4e-06 0
2e-05 -3e-06 0
2e-05 -2e-06 0
2e-05 -1e-06 0
2e-05 0 0
2e-05 1e-06 0
2e-05 2e-06 0
2e-05 3e-06 0
2e-05 4e-06 0
2e-05 5e-06 0
2e-05 6e-06 0
2e-05 7e-06 0
2e-05 8e-06 0
