0 -4e-05 1
0 -3.9e-05 1
0 -3.8e-05 1
0 -3.7e-05 1
0 -3.6e-05 1
0 -3.5e-05 1
0 -3.4e-05 1
0 -3.3e-05 1
0 -3.2e-05 1
0 -3.1e-05 1
0 -3e-05 1
0 -2.9e-05 1
0 -2.8e-05 1
0 -2.7e-05 1
0 -2.6e-05 1
0 -2.5e-05 1
0 -2.4e-05 1
0 -2.3e-05 1
0 -2.2e-05 1
0 -2.1e-05 1
0 -2e-05 1
0 -1.9e-05 1
0 -1.8e-05 1
0 -1.7e-05 1
0 -1.6e-05 1
0 -1.5e-05 1
0 -1.4e-05 1
0 -1.3e-05 1
0 -1.2e-05 1
0 -1.1e-05 1
0 -1e-05 1
0 -9e-06 1
0 -8e-06 1
0 -7e-06 1
0 -6e-06 1
0 -5e-06 1
0 -4e-06 1
0 -3e-06 1
0 -2e-06 1
0 -1e-06 1
0 -1.0099e-13 1
0 1e-06 1
0 2e-06 1
0 3e-06 1
0 4e-06 1
0 5e-06 0
0 6e-06 0
0 7e-06 0
0 8e-06 0
0 9e-06 0
0 1e-05 0
1e-06 -4e-05 1
1e-06 -3.9e-05 1
1e-06 -3.8e-05 1
1e-06 -3.7e-05 1
1e-06 -3.6e-05 1
1e-06 -3.5e-05 1
1e-06 -3.4e-05 1
1e-06 -3.3e-05 1
1e-06 -3.2e-05 1
1e-06 -3.1e-05 1
1e-06 -3e-05 1
1e-06 -2.9e-05 1
1e-06 -2.8e-05 1
1e-06 -2.7e-05 1
1e-06 -2.6e-05 1
1e-06 -2.5e-05 1
1e-06 -2.4e-05 1
1e-06 -2.3e-05 1
1e-06 -2.2e-05 1
1e-06 -2.1e-05 1
1e-06 -2e-05 1
1e-06 -1.9e-05 1
1e-06 -1.8e-05 1
1e-06 -1.7e-05 1
1e-06 -1.6e-05 1
1e-06 -1.5e-05 1
1e-06 -1.4e-05 1
1e-06 -1.3e-05 1
1e-06 -1.2e-05 1
1e-06 -1.1e-05 1
1e-06 -1e-05 1
1e-06 -9e-06 1
1e-06 -8e-06 1
1e-06 -7e-06 1
1e-06 -6e-06 1
1e-06 -5e-06 1
1e-06 -4e-06 1
1e-06 -3e-06 1
1e-06 -2e-06 1
1e-06 -1e-06 1
1e-06 -1.0099e-13 1
1e-06 1e-06 1
1e-06 2e-06 1
1e-06 3e-06 1
1e-06 4e-06 1
1e-06 5e-06 0
1e-06 6e-06 0
1e-06 7e-06 0
1e-06 8e-06 0
1e-06 9e-06 0
1e-06 1e-05 0
2e-06 -4e-05 1
2e-06 -3.9e-05 1
2e-06 -3.8e-05 1
2e-06 -3.7e-05 1
2e-06 -3.6e-05 1
2e-06 -3.5e-05 1
2e-06 -3.4e-05 1
2e-06 -3.3e-05 1
2e-06 -3.2e-05 1
2e-06 -3.1e-05 1
2e-06 -3e-05 1
2e-06 -2.9e-05 1
2e-06 -2.8e-05 1
2e-06 -2.7e-05 1
2e-06 -2.6e-05 1
2e-06 -2.5e-05 1
2e-06 -2.4e-05 1
2e-06 -2.3e-05 1
2e-06 -2.2e-05 1
2e-06 -2.1e-05 1
2e-06 -2e-05 1
2e-06 -1.9e-05 1
2e-06 -1.8e-05 1
2e-06 -1.7e-05 1
2e-06 -1.6e-05 1
2e-06 -1.5e-05 1
2e-06 -1.4e-05 1
2e-06 -1.3e-05 1
2e-06 -1.2e-05 1
2e-06 -1.1e-05 1
2e-06 -1e-05 1
2e-06 -9e-06 1
2e-06 -8e-06 1
2e-06 -7e-06 1
2e-06 -6e-06 1
2e-06 -5e-06 1
2e-06 -4e-06 1
2e-06 -3e-06 1
2e-06 -2e-06 1
2e-06 -1e-06 1
2e-06 -1.0099e-13 1
2e-06 1e-06 1
2e-06 2e-06 1
2e-06 3e-06 1
2e-06 4e-06 1
2e-06 5e-06 0
2e-06 6e-06 0
2e-06 7e-06 0
2e-06 8e-06 0
2e-06 9e-06 0
2e-06 1e-05 0
3e-06 -4e-05 1
3e-06 -3.9e-05 1
3e-06 -3.8e-05 1
3e-06 -3.7e-05 1
3e-06 -3.6e-05 1
3e-06 -3.5e-05 1
3e-06 -3.4e-05 1
3e-06 -3.3e-05 1
3e-06 -3.2e-05 1
3e-06 -3.1e-05 1
3e-06 -3e-05 1
3e-06 -2.9e-05 1
3e-06 -2.8e-05 1
3e-06 -2.7e-05 1
3e-06 -2.6e-05 1
3e-06 -2.5e-05 1
3e-06 -2.4e-05 1
3e-06 -2.3e-05 1
3e-06 -2.2e-05 1
3e-06 -2.1e-05 1
3e-06 -2e-05 1
3e-06 -1.9e-05 1
3e-06 -1.8e-05 1
3e-06 -1.7e-05 1
3e-06 -1.6e-05 1
3e-06 -1.5e-05 1
3e-06 -1.4e-05 1
3e-06 -1.3e-05 1
3e-06 -1.2e-05 1
3e-06 -1.1e-05 1
3e-06 -1e-05 1
3e-06 -9e-06 1
3e-06 -8e-06 1
3e-06 -7e-06 1
3e-06 -6e-06 1
3e-06 -5e-06 1
3e-06 -4e-06 1
3e-06 -3e-06 1
3e-06 -2e-06 1
3e-06 -1e-06 1
3e-06 -1.0099e-13 1
3e-06 1e-06 1
3e-06 2e-06 1
3e-06 3e-06 1
3e-06 4e-06 1
3e-06 5e-06 0
3e-06 6e-06 0
3e-06 7e-06 0
3e-06 8e-06 0
3e-06 9e-06 0
3e-06 1e-05 0
4e-06 -4e-05 1
4e-06 -3.9e-05 1
4e-06 -3.8e-05 1
4e-06 -3.7e-05 1
4e-06 -3.6e-05 1
4e-06 -3.5e-05 1
4e-06 -3.4e-05 1
4e-06 -3.3e-05 1
4e-06 -3.2e-05 1
4e-06 -3.1e-05 1
4e-06 -3e-05 1
4e-06 -2.9e-05 1
4e-06 -2.8e-05 1
4e-06 -2.7e-05 1
4e-06 -2.6e-05 1
4e-06 -2.5e-05 1
4e-06 -2.4e-05 1
4e-06 -2.3e-05 1
4e-06 -2.2e-05 1
4e-06 -2.1e-05 1
4e-06 -2e-05 1
4e-06 -1.9e-05 1
4e-06 -1.8e-05 1
4e-06 -1.7e-05 1
4e-06 -1.6e-05 1
4e-06 -1.5e-05 1
4e-06 -1.4e-05 1
4e-06 -1.3e-05 1
4e-06 -1.2e-05 1
4e-06 -1.1e-05 1
4e-06 -1e-05 1
4e-06 -9e-06 1
4e-06 -8e-06 1
4e-06 -7e-06 1
4e-06 -6e-06 1
4e-06 -5e-06 1
4e-06 -4e-06 1
4e-06 -3e-06 1
4e-06 -2e-06 1
4e-06 -1e-06 1
4e-06 -1.0099e-13 1
4e-06 1e-06 1
4e-06 2e-06 1
4e-06 3e-06 1
4e-06 4e-06 0.00146484
4e-06 5e-06 0
4e-06 6e-06 0
4e-06 7e-06 0
4e-06 8e-06 0
4e-06 9e-06 0
4e-06 1e-05 0
5e-06 -4e-05 1
5e-06 -3.9e-05 1
5e-06 -3.8e-05 1
5e-06 -3.7e-05 1
5e-06 -3.6e-05 1
5e-06 -3.5e-05 1
5e-06 -3.4e-05 1
5e-06 -3.3e-05 1
5e-06 -3.2e-05 1
5e-06 -3.1e-05 1
5e-06 -3e-05 1
5e-06 -2.9e-05 1
5e-06 -2.8e-05 1
5e-06 -2.7e-05 1
5e-06 -2.6e-05 1
5e-06 -2.5e-05 1
5e-06 -2.4e-05 1
5e-06 -2.3e-05 1
5e-06 -2.2e-05 1
5e-06 -2.1e-05 1
5e-06 -2e-05 1
5e-06 -1.9e-05 1
5e-06 -1.8e-05 1
5e-06 -1.7e-05 1
5e-06 -1.6e-05 1
5e-06 -1.5e-05 1
5e-06 -1.4e-05 1
5e-06 -1.3e-05 1
5e-06 -1.2e-05 1
5e-06 -1.1e-05 1
5e-06 -1e-05 1
5e-06 -9e-06 1
5e-06 -8e-06 1
5e-06 -7e-06 1
5e-06 -6e-06 1
5e-06 -5e-06 1
5e-06 -4e-06 1
5e-06 -3e-06 1
5e-06 -2e-06 1
5e-06 -1e-06 1
5e-06 -1.0099e-13 1
5e-06 1e-06 1
5e-06 2e-06 0.987305
5e-06 3e-06 0
5e-06 4e-06 0
5e-06 5e-06 0
5e-06 6e-06 0
5e-06 7e-06 0
5e-06 8e-06 0
5e-06 9e-06 0
5e-06 1e-05 0
6e-06 -4e-05 1
6e-06 -3.9e-05 1
6e-06 -3.8e-05 1
6e-06 -3.7e-05 1
6e-06 -3.6e-05 1
6e-06 -3.5e-05 1
6e-06 -3.4e-05 1
6e-06 -3.3e-05 1
6e-06 -3.2e-05 1
6e-06 -3.1e-05 1
6e-06 -3e-05 1
6e-06 -2.9e-05 1
6e-06 -2.8e-05 1
6e-06 -2.7e-05 1
6e-06 -2.6e-05 1
6e-06 -2.5e-05 1
6e-06 -2.4e-05 1
6e-06 -2.3e-05 1
6e-06 -2.2e-05 1
6e-06 -2.1e-05 1
6e-06 -2e-05 1
6e-06 -1.9e-05 1
6e-06 -1.8e-05 1
6e-06 -1.7e-05 1
6e-06 -1.6e-05 1
6e-06 -1.5e-05 1
6e-06 -1.4e-05 1
6e-06 -1.3e-05 1
6e-06 -1.2e-05 1
6e-06 -1.1e-05 1
6e-06 -1e-05 1
6e-06 -9e-06 1
6e-06 -8e-06 1
6e-06 -7e-06 1
6e-06 -6e-06 1
6e-06 -5e-06 1
6e-06 -4e-06 1
6e-06 -3e-06 1
6e-06 -2e-06 1
6e-06 -1e-06 1
6e-06 -1.0099e-13 0
6e-06 1e-06 0
6e-06 2e-06 0
6e-06 3e-06 0
6e-06 4e-06 0
6e-06 5e-06 0
6e-06 6e-06 0
6e-06 7e-06 0
6e-06 8e-06 0
6e-06 9e-06 0
6e-06 1e-05 0
7e-06 -4e-05 1
7e-06 -3.9e-05 1
7e-06 -3.8e-05 1
7e-06 -3.7e-05 1
7e-06 -3.6e-05 1
7e-06 -3.5e-05 1
7e-06 -3.4e-05 1
7e-06 -3.3e-05 1
7e-06 -3.2e-05 1
7e-06 -3.1e-05 1
7e-06 -3e-05 1
7e-06 -2.9e-05 1
7e-06 -2.8e-05 1
7e-06 -2.7e-05 1
7e-06 -2.6e-05 1
7e-06 -2.5e-05 1
7e-06 -2.4e-05 1
7e-06 -2.3e-05 1
7e-06 -2.2e-05 1
7e-06 -2.1e-05 1
7e-06 -2e-05 1
7e-06 -1.9e-05 1
7e-06 -1.8e-05 1
7e-06 -1.7e-05 1
7e-06 -1.6e-05 1
7e-06 -1.5e-05 1
7e-06 -1.4e-05 1
7e-06 -1.3e-05 1
7e-06 -1.2e-05 1
7e-06 -1.1e-05 1
7e-06 -1e-05 1
7e-06 -9e-06 1
7e-06 -8e-06 1
7e-06 -7e-06 1
7e-06 -6e-06 1
7e-06 -5e-06 1
7e-06 -4e-06 1
7e-06 -3e-06 1
7e-06 -2e-06 1
7e-06 -1e-06 0.286133
7e-06 -1.0099e-13 0
7e-06 1e-06 0
7e-06 2e-06 0
7e-06 3e-06 0
7e-06 4e-06 0
7e-06 5e-06 0
7e-06 6e-06 0
7e-06 7e-06 0
7e-06 8e-06 0
7e-06 9e-06 0
7e-06 1e-05 0
8e-06 -4e-05 1
8e-06 -3.9e-05 1
8e-06 -3.8e-05 1
8e-06 -3.7e-05 1
8e-06 -3.6e-05 1
8e-06 -3.5e-05 1
8e-06 -3.4e-05 1
8e-06 -3.3e-05 1
8e-06 -3.2e-05 1
8e-06 -3.1e-05 1
8e-06 -3e-05 1
8e-06 -2.9e-05 1
8e-06 -2.8e-05 1
8e-06 -2.7e-05 1
8e-06 -2.6e-05 1
8e-06 -2.5e-05 1
8e-06 -2.4e-05 1
8e-06 -2.3e-05 1
8e-06 -2.2e-05 1
8e-06 -2.1e-05 1
8e-06 -2e-05 1
8e-06 -1.9e-05 1
8e-06 -1.8e-05 1
8e-06 -1.7e-05 1
8e-06 -1.6e-05 1
8e-06 -1.5e-05 1
8e-06 -1.4e-05 1
8e-06 -1.3e-05 1
8e-06 -1.2e-05 1
8e-06 -1.1e-05 1
8e-06 -1e-05 1
8e-06 -9e-06 1
8e-06 -8e-06 1
8e-06 -7e-06 1
8e-06 -6e-06 1
8e-06 -5e-06 1
8e-06 -4e-06 1
8e-06 -3e-06 1
8e-06 -2e-06 1
8e-06 -1e-06 0
8e-06 -1.0099e-13 0
8e-06 1e-06 0
8e-06 2e-06 0
8e-06 3e-06 0
8e-06 4e-06 0
8e-06 5e-06 0
8e-06 6e-06 0
8e-06 7e-06 0
8e-06 8e-06 0
8e-06 9e-06 0
8e-06 1e-05 0
9e-06 -4e-05 1
9e-06 -3.9e-05 1
9e-06 -3.8e-05 1
9e-06 -3.7e-05 1
9e-06 -3.6e-05 1
9e-06 -3.5e-05 1
9e-06 -3.4e-05 1
9e-06 -3.3e-05 1
9e-06 -3.2e-05 1
9e-06 -3.1e-05 1
9e-06 -3e-05 1
9e-06 -2.9e-05 1
9e-06 -2.8e-05 1
9e-06 -2.7e-05 1
9e-06 -2.6e-05 1
9e-06 -2.5e-05 1
9e-06 -2.4e-05 1
9e-06 -2.3e-05 1
9e-06 -2.2e-05 1
9e-06 -2.1e-05 1
9e-06 -2e-05 1
9e-06 -1.9e-05 1
9e-06 -1.8e-05 1
9e-06 -1.7e-05 1
9e-06 -1.6e-05 1
9e-06 -1.5e-05 1
9e-06 -1.4e-05 1
9e-06 -1.3e-05 1
9e-06 -1.2e-05 1
9e-06 -1.1e-05 1
9e-06 -1e-05 1
9e-06 -9e-06 1
9e-06 -8e-06 1
9e-06 -7e-06 1
9e-06 -6e-06 1
9e-06 -5e-06 1
9e-06 -4e-06 1
9e-06 -3e-06 1
9e-06 -2e-06 0
9e-06 -1e-06 0
9e-06 -1.0099e-13 0
9e-06 1e-06 0
9e-06 2e-06 0
9e-06 3e-06 0
9e-06 4e-06 0
9e-06 5e-06 0
9e-06 6e-06 0
9e-06 7e-06 0
9e-06 8e-06 0
9e-06 9e-06 0
9e-06 1e-05 0
1e-05 -4e-05 1
1e-05 -3.9e-05 1
1e-05 -3.8e-05 1
1e-05 -3.7e-05 1
1e-05 -3.6e-05 1
1e-05 -3.5e-05 1
1e-05 -3.4e-05 1
1e-05 -3.3e-05 1
1e-05 -3.2e-05 1
1e-05 -3.1e-05 1
1e-05 -3e-05 1
1e-05 -2.9e-05 1
1e-05 -2.8e-05 1
1e-05 -2.7e-05 1
1e-05 -2.6e-05 1
1e-05 -2.5e-05 1
1e-05 -2.4e-05 1
1e-05 -2.3e-05 1
1e-05 -2.2e-05 1
1e-05 -2.1e-05 1
1e-05 -2e-05 1
1e-05 -1.9e-05 1
1e-05 -1.8e-05 1
1e-05 -1.7e-05 1
1e-05 -1.6e-05 1
1e-05 -1.5e-05 1
1e-05 -1.4e-05 1
1e-05 -1.3e-05 1
1e-05 -1.2e-05 1
1e-05 -1.1e-05 1
1e-05 -1e-05 1
1e-05 -9e-06 1
1e-05 -8e-06 1
1e-05 -7e-06 1
1e-05 -6e-06 1
1e-05 -5e-06 1
1e-05 -4e-06 1
1e-05 -3e-06 0.000488281
1e-05 -2e-06 0
1e-05 -1e-06 0
1e-05 -1.0099e-13 0
1e-05 1e-06 0
1e-05 2e-06 0
1e-05 3e-06 0
1e-05 4e-06 0
1e-05 5e-06 0
1e-05 6e-06 0
1e-05 7e-06 0
1e-05 8e-06 0
1e-05 9e-06 0
1e-05 1e-05 0
1.1e-05 -4e-05 1
1.1e-05 -3.9e-05 1
1.1e-05 -3.8e-05 1
1.1e-05 -3.7e-05 1
1.1e-05 -3.6e-05 1
1.1e-05 -3.5e-05 1
1.1e-05 -3.4e-05 1
1.1e-05 -3.3e-05 1
1.1e-05 -3.2e-05 1
1.1e-05 -3.1e-05 1
1.1e-05 -3e-05 1
1.1e-05 -2.9e-05 1
1.1e-05 -2.8e-05 1
1.1e-05 -2.7e-05 1
1.1e-05 -2.6e-05 1
1.1e-05 -2.5e-05 1
1.1e-05 -2.4e-05 1
1.1e-05 -2.3e-05 1
1.1e-05 -2.2e-05 1
1.1e-05 -2.1e-05 1
1.1e-05 -2e-05 1
1.1e-05 -1.9e-05 1
1.1e-05 -1.8e-05 1
1.1e-05 -1.7e-05 1
1.1e-05 -1.6e-05 1
1.1e-05 -1.5e-05 1
1.1e-05 -1.4e-05 1
1.1e-05 -1.3e-05 1
1.1e-05 -1.2e-05 1
1.1e-05 -1.1e-05 1
1.1e-05 -1e-05 1
1.1e-05 -9e-06 1
1.1e-05 -8e-06 1
1.1e-05 -7e-06 1
1.1e-05 -6e-06 1
1.1e-05 -5e-06 1
1.1e-05 -4e-06 0.0151367
1.1e-05 -3e-06 0
1.1e-05 -2e-06 0
1.1e-05 -1e-06 0
1.1e-05 -1.0099e-13 0
1.1e-05 1e-06 0
1.1e-05 2e-06 0
1.1e-05 3e-06 0
1.1e-05 4e-06 0
1.1e-05 5e-06 0
1.1e-05 6e-06 0
1.1e-05 7e-06 0
1.1e-05 8e-06 0
1.1e-05 9e-06 0
1.1e-05 1e-05 0
1.2e-05 -4e-05 1
1.2e-05 -3.9e-05 1
1.2e-05 -3.8e-05 1
1.2e-05 -3.7e-05 1
1.2e-05 -3.6e-05 1
1.2e-05 -3.5e-05 1
1.2e-05 -3.4e-05 1
1.2e-05 -3.3e-05 1
1.2e-05 -3.2e-05 1
1.2e-05 -3.1e-05 1
1.2e-05 -3e-05 1
1.2e-05 -2.9e-05 1
1.2e-05 -2.8e-05 1
1.2e-05 -2.7e-05 1
1.2e-05 -2.6e-05 1
1.2e-05 -2.5e-05 1
1.2e-05 -2.4e-05 1
1.2e-05 -2.3e-05 1
1.2e-05 -2.2e-05 1
1.2e-05 -2.1e-05 1
1.2e-05 -2e-05 1
1.2e-05 -1.9e-05 1
1.2e-05 -1.8e-05 1
1.2e-05 -1.7e-05 1
1.2e-05 -1.6e-05 1
1.2e-05 -1.5e-05 1
1.2e-05 -1.4e-05 1
1.2e-05 -1.3e-05 1
1.2e-05 -1.2e-05 1
1.2e-05 -1.1e-05 1
1.2e-05 -1e-05 1
1.2e-05 -9e-06 1
1.2e-05 -8e-06 1
1.2e-05 -7e-06 1
1.2e-05 -6e-06 0.958008
1.2e-05 -5e-06 0.000976562
1.2e-05 -4e-06 0
1.2e-05 -3e-06 0
1.2e-05 -2e-06 0
1.2e-05 -1e-06 0
1.2e-05 -1.0099e-13 0
1.2e-05 1e-06 0
1.2e-05 2e-06 0
1.2e-05 3e-06 0
1.2e-05 4e-06 0
1.2e-05 5e-06 0
1.2e-05 6e-06 0
1.2e-05 7e-06 0
1.2e-05 8e-06 0
1.2e-05 9e-06 0
1.2e-05 1e-05 0
1.3e-05 -4e-05 0.999512
1.3e-05 -3.9e-05 0.999512
1.3e-05 -3.8e-05 0.999023
1.3e-05 -3.7e-05 0.999512
1.3e-05 -3.6e-05 0.999512
1.3e-05 -3.5e-05 0.999512
1.3e-05 -3.4e-05 1
1.3e-05 -3.3e-05 1
1.3e-05 -3.2e-05 0.999023
1.3e-05 -3.1e-05 1
1.3e-05 -3e-05 0.999023
1.3e-05 -2.9e-05 1
1.3e-05 -2.8e-05 1
1.3e-05 -2.7e-05 1
1.3e-05 -2.6e-05 1
1.3e-05 -2.5e-05 1
1.3e-05 -2.4e-05 1
1.3e-05 -2.3e-05 1
1.3e-05 -2.2e-05 1
1.3e-05 -2.1e-05 1
1.3e-05 -2e-05 1
1.3e-05 -1.9e-05 1
1.3e-05 -1.8e-05 1
1.3e-05 -1.7e-05 1
1.3e-05 -1.6e-05 1
1.3e-05 -1.5e-05 1
1.3e-05 -1.4e-05 1
1.3e-05 -1.3e-05 1
1.3e-05 -1.2e-05 0.999512
1.3e-05 -1.1e-05 0.998047
1.3e-05 -1e-05 0.992188
1.3e-05 -9e-06 0.944824
1.3e-05 -8e-06 0.643555
1.3e-05 -7e-06 0.0458984
1.3e-05 -6e-06 0
1.3e-05 -5e-06 0
1.3e-05 -4e-06 0
1.3e-05 -3e-06 0
1.3e-05 -2e-06 0
1.3e-05 -1e-06 0
1.3e-05 -1.0099e-13 0
1.3e-05 1e-06 0
1.3e-05 2e-06 0
1.3e-05 3e-06 0
1.3e-05 4e-06 0
1.3e-05 5e-06 0
1.3e-05 6e-06 0
1.3e-05 7e-06 0
1.3e-05 8e-06 0
1.3e-05 9e-06 0
1.3e-05 1e-05 0
1.4e-05 -4e-05 0.790527
1.4e-05 -3.9e-05 0.788086
1.4e-05 -3.8e-05 0.80127
1.4e-05 -3.7e-05 0.799316
1.4e-05 -3.6e-05 0.79248
1.4e-05 -3.5e-05 0.794922
1.4e-05 -3.4e-05 0.783691
1.4e-05 -3.3e-05 0.807129
1.4e-05 -3.2e-05 0.810059
1.4e-05 -3.1e-05 0.808105
1.4e-05 -3e-05 0.815918
1.4e-05 -2.9e-05 0.816406
1.4e-05 -2.8e-05 0.813965
1.4e-05 -2.7e-05 0.835938
1.4e-05 -2.6e-05 0.842285
1.4e-05 -2.5e-05 0.82959
1.4e-05 -2.4e-05 0.838379
1.4e-05 -2.3e-05 0.859375
1.4e-05 -2.2e-05 0.850098
1.4e-05 -2.1e-05 0.853027
1.4e-05 -2e-05 0.849121
1.4e-05 -1.9e-05 0.838867
1.4e-05 -1.8e-05 0.815918
1.4e-05 -1.7e-05 0.774414
1.4e-05 -1.6e-05 0.714355
1.4e-05 -1.5e-05 0.60791
1.4e-05 -1.4e-05 0.472656
1.4e-05 -1.3e-05 0.294434
1.4e-05 -1.2e-05 0.15918
1.4e-05 -1.1e-05 0.0541992
1.4e-05 -1e-05 0.00537109
1.4e-05 -9e-06 0
1.4e-05 -8e-06 0
1.4e-05 -7e-06 0
1.4e-05 -6e-06 0
1.4e-05 -5e-06 0
1.4e-05 -4e-06 0
1.4e-05 -3e-06 0
1.4e-05 -2e-06 0
1.4e-05 -1e-06 0
1.4e-05 -1.0099e-13 0
1.4e-05 1e-06 0
1.4e-05 2e-06 0
1.4e-05 3e-06 0
1.4e-05 4e-06 0
1.4e-05 5e-06 0
1.4e-05 6e-06 0
1.4e-05 7e-06 0
1.4e-05 8e-06 0
1.4e-05 9e-06 0
1.4e-05 1e-05 0
1.5e-05 -4e-05 0.0561523
1.5e-05 -3.9e-05 0.0507812
1.5e-05 -3.8e-05 0.0473633
1.5e-05 -3.7e-05 0.0458984
1.5e-05 -3.6e-05 0.0380859
1.5e-05 -3.5e-05 0.0507812
1.5e-05 -3.4e-05 0.0458984
1.5e-05 -3.3e-05 0.0297852
1.5e-05 -3.2e-05 0.0375977
1.5e-05 -3.1e-05 0.0327148
1.5e-05 -3e-05 0.0336914
1.5e-05 -2.9e-05 0.0336914
1.5e-05 -2.8e-05 0.0288086
1.5e-05 -2.7e-05 0.0214844
1.5e-05 -2.6e-05 0.0229492
1.5e-05 -2.5e-05 0.0175781
1.5e-05 -2.4e-05 0.0200195
1.5e-05 -2.3e-05 0.015625
1.5e-05 -2.2e-05 0.0161133
1.5e-05 -2.1e-05 0.0126953
1.5e-05 -2e-05 0.0136719
1.5e-05 -1.9e-05 0.00537109
1.5e-05 -1.8e-05 0.00244141
1.5e-05 -1.7e-05 0.00146484
1.5e-05 -1.6e-05 0.000488281
1.5e-05 -1.5e-05 0.000488281
1.5e-05 -1.4e-05 0
1.5e-05 -1.3e-05 0
1.5e-05 -1.2e-05 0
1.5e-05 -1.1e-05 0
1.5e-05 -1e-05 0
1.5e-05 -9e-06 0
1.5e-05 -8e-06 0
1.5e-05 -7e-06 0
1.5e-05 -6e-06 0
1.5e-05 -5e-06 0
1.5e-05 -4e-06 0
1.5e-05 -3e-06 0
1.5e-05 -2e-06 0
1.5e-05 -1e-06 0
1.5e-05 -1.0099e-13 0
1.5e-05 1e-06 0
1.5e-05 2e-06 0
1.5e-05 3e-06 0
1.5e-05 4e-06 0
1.5e-05 5e-06 0
1.5e-05 6e-06 0
1.5e-05 7e-06 0
1.5e-05 8e-06 0
1.5e-05 9e-06 0
1.5e-05 1e-05 0
1.6e-05 -4e-05 0
1.6e-05 -3.9e-05 0
1.6e-05 -3.8e-05 0
1.6e-05 -3.7e-05 0
1.6e-05 -3.6e-05 0
1.6e-05 -3.5e-05 0
1.6e-05 -3.4e-05 0
1.6e-05 -3.3e-05 0
1.6e-05 -3.2e-05 0
1.6e-05 -3.1e-05 0
1.6e-05 -3e-05 0
1.6e-05 -2.9e-05 0
1.6e-05 -2.8e-05 0
1.6e-05 -2.7e-05 0
1.6e-05 -2.6e-05 0
1.6e-05 -2.5e-05 0
1.6e-05 -2.4e-05 0
1.6e-05 -2.3e-05 0
1.6e-05 -2.2e-05 0
1.6e-05 -2.1e-05 0
1.6e-05 -2e-05 0
1.6e-05 -1.9e-05 0
1.6e-05 -1.8e-05 0
1.6e-05 -1.7e-05 0
1.6e-05 -1.6e-05 0
1.6e-05 -1.5e-05 0
1.6e-05 -1.4e-05 0
1.6e-05 -1.3e-05 0
1.6e-05 -1.2e-05 0
1.6e-05 -1.1e-05 0
1.6e-05 -1e-05 0
1.6e-05 -9e-06 0
1.6e-05 -8e-06 0
1.6e-05 -7e-06 0
1.6e-05 -6e-06 0
1.6e-05 -5e-06 0
1.6e-05 -4e-06 0
1.6e-05 -3e-06 0
1.6e-05 -2e-06 0
1.6e-05 -1e-06 0
1.6e-05 -1.0099e-13 0
1.6e-05 1e-06 0
1.6e-05 2e-06 0
1.6e-05 3e-06 0
1.6e-05 4e-06 0
1.6e-05 5e-06 0
1.6e-05 6e-06 0
1.6e-05 7e-06 0
1.6e-05 8e-06 0
1.6e-05 9e-06 0
1.6e-05 1e-05 0
1.7e-05 -4e-05 0
1.7e-05 -3.9e-05 0
1.7e-05 -3.8e-05 0
1.7e-05 -3.7e-05 0
1.7e-05 -3.6e-05 0
1.7e-05 -3.5e-05 0
1.7e-05 -3.4e-05 0
1.7e-05 -3.3e-05 0
1.7e-05 -3.2e-05 0
1.7e-05 -3.1e-05 0
1.7e-05 -3e-05 0
1.7e-05 -2.9e-05 0
1.7e-05 -2.8e-05 0
1.7e-05 -2.7e-05 0
1.7e-05 -2.6e-05 0
1.7e-05 -2.5e-05 0
1.7e-05 -2.4e-05 0
1.7e-05 -2.3e-05 0
1.7e-05 -2.2e-05 0
1.7e-05 -2.1e-05 0
1.7e-05 -2e-05 0
1.7e-05 -1.9e-05 0
1.7e-05 -1.8e-05 0
1.7e-05 -1.7e-05 0
1.7e-05 -1.6e-05 0
1.7e-05 -1.5e-05 0
1.7e-05 -1.4e-05 0
1.7e-05 -1.3e-05 0
1.7e-05 -1.2e-05 0
1.7e-05 -1.1e-05 0
1.7e-05 -1e-05 0
1.7e-05 -9e-06 0
1.7e-05 -8e-06 0
1.7e-05 -7e-06 0
1.7e-05 -6e-06 0
1.7e-05 -5e-06 0
1.7e-05 -4e-06 0
1.7e-05 -3e-06 0
1.7e-05 -2e-06 0
1.7e-05 -1e-06 0
1.7e-05 -1.0099e-13 0
1.7e-05 1e-06 0
1.7e-05 2e-06 0
1.7e-05 3e-06 0
1.7e-05 4e-06 0
1.7e-05 5e-06 0
1.7e-05 6e-06 0
1.7e-05 7e-06 0
1.7e-05 8e-06 0
1.7e-05 9e-06 0
1.7e-05 1e-05 0
1.8e-05 -4e-05 0
1.8e-05 -3.9e-05 0
1.8e-05 -3.8e-05 0
1.8e-05 -3.7e-05 0
1.8e-05 -3.6e-05 0
1.8e-05 -3.5e-05 0
1.8e-05 -3.4e-05 0
1.8e-05 -3.3e-05 0
1.8e-05 -3.2e-05 0
1.8e-05 -3.1e-05 0
1.8e-05 -3e-05 0
1.8e-05 -2.9e-05 0
1.8e-05 -2.8e-05 0
1.8e-05 -2.7e-05 0
1.8e-05 -2.6e-05 0
1.8e-05 -2.5e-05 0
1.8e-05 -2.4e-05 0
1.8e-05 -2.3e-05 0
1.8e-05 -2.2e-05 0
1.8e-05 -2.1e-05 0
1.8e-05 -2e-05 0
1.8e-05 -1.9e-05 0
1.8e-05 -1.8e-05 0
1.8e-05 -1.7e-05 0
1.8e-05 -1.6e-05 0
1.8e-05 -1.5e-05 0
1.8e-05 -1.4e-05 0
1.8e-05 -1.3e-05 0
1.8e-05 -1.2e-05 0
1.8e-05 -1.1e-05 0
1.8e-05 -1e-05 0
1.8e-05 -9e-06 0
1.8e-05 -8e-06 0
1.8e-05 -7e-06 0
1.8e-05 -6e-06 0
1.8e-05 -5e-06 0
1.8e-05 -4e-06 0
1.8e-05 -3e-06 0
1.8e-05 -2e-06 0
1.8e-05 -1e-06 0
1.8e-05 -1.0099e-13 0
1.8e-05 1e-06 0
1.8e-05 2e-06 0
1.8e-05 3e-06 0
1.8e-05 4e-06 0
1.8e-05 5e-06 0
1.8e-05 6e-06 0
1.8e-05 7e-06 0
1.8e-05 8e-06 0
1.8e-05 9e-06 0
1.8e-05 1e-05 0
1.9e-05 -4e-05 0
1.9e-05 -3.9e-05 0
1.9e-05 -3.8e-05 0
1.9e-05 -3.7e-05 0
1.9e-05 -3.6e-05 0
1.9e-05 -3.5e-05 0
1.9e-05 -3.4e-05 0
1.9e-05 -3.3e-05 0
1.9e-05 -3.2e-05 0
1.9e-05 -3.1e-05 0
1.9e-05 -3e-05 0
1.9e-05 -2.9e-05 0
1.9e-05 -2.8e-05 0
1.9e-05 -2.7e-05 0
1.9e-05 -2.6e-05 0
1.9e-05 -2.5e-05 0
1.9e-05 -2.4e-05 0
1.9e-05 -2.3e-05 0
1.9e-05 -2.2e-05 0
1.9e-05 -2.1e-05 0
1.9e-05 -2e-05 0
1.9e-05 -1.9e-05 0
1.9e-05 -1.8e-05 0
1.9e-05 -1.7e-05 0
1.9e-05 -1.6e-05 0
1.9e-05 -1.5e-05 0
1.9e-05 -1.4e-05 0
1.9e-05 -1.3e-05 0
1.9e-05 -1.2e-05 0
1.9e-05 -1.1e-05 0
1.9e-05 -1e-05 0
1.9e-05 -9e-06 0
1.9e-05 -8e-06 0
1.9e-05 -7e-06 0
1.9e-05 -6e-06 0
1.9e-05 -5e-06 0
1.9e-05 -4e-06 0
1.9e-05 -3e-06 0
1.9e-05 -2e-06 0
1.9e-05 -1e-06 0
1.9e-05 -1.0099e-13 0
1.9e-05 1e-06 0
1.9e-05 2e-06 0
1.9e-05 3e-06 0
1.9e-05 4e-06 0
1.9e-05 5e-06 0
1.9e-05 6e-06 0
1.9e-05 7e-06 0
1.9e-05 8e-06 0
1.9e-05 9e-06 0
1.9e-05 1e-05 0
2e-05 -4e-05 0
2e-05 -3.9e-05 0
2e-05 -3.8e-05 0
2e-05 -3.7e-05 0
2e-05 -3.6e-05 0
2e-05 -3.5e-05 0
2e-05 -3.4e-05 0
2e-05 -3.3e-05 0
2e-05 -3.2e-05 0
2e-05 -3.1e-05 0
2e-05 -3e-05 0
2e-05 -2.9e-05 0
2e-05 -2.8e-05 0
2e-05 -2.7e-05 0
2e-05 -2.6e-05 0
2e-05 -2.5e-05 0
2e-05 -2.4e-05 0
2e-05 -2.3e-05 0
2e-05 -2.2e-05 0
2e-05 -2.1e-05 0
2e-05 -2e-05 0
2e-05 -1.9e-05 0
2e-05 -1.8e-05 0
2e-05 -1.7e-05 0
2e-05 -1.6e-05 0
2e-05 -1.5e-05 0
2e-05 -1.4e-05 0
2e-05 -1.3e-05 0
2e-05 -1.2e-05 0
2e-05 -1.1e-05 0
2e-05 -1e-05 0
2e-05 -9e-06 0
2e-05 -8e-06 0
2e-05 -7e-06 0
2e-05 -6e-06 0
2e-05 -5e-06 0
2e-05 -4e-06 0
2e-05 -3e-06 0
2e-05 -2e-06 0
2e-05 -1e-06 0
2e-05 -1.0099e-13 0
2e-05 1e-06 0
2e-05 2e-06 0
2e-05 3e-06 0
2e-05 4e-06 0
2e-05 5e-06 0
2e-05 6e-06 0
2e-05 7e-06 0
2e-05 8e-06 0
2e-05 9e-06 0
2e-05 1e-05 0